Sat. Feb. 18, 2017             LANDSAT 5                 Time: 12:59
                         Image Assessment System
                           GCP Residual Report
----------------------------------------------------------------------------
WOID: L25610696            Path/Row: 121 / 034

L0R Reference Image: L51HAJ1085329020100_HDF.170491757
Acquisition Date: Nov 25, 1985

Band Number:  5

GLS date for each WRS-2 path/row used:
Path  Row   Date
120   034   06-12-2000
121   034   05-02-2000
121   035   05-02-2000
122   034   05-28-2001


Point_ID         Latitude  Longitude    Height       Across    Along    Residual  Residual
                                                      Scan      Scan      In y      in x
                                                    Residual  Residual    dir       dir
                   (deg)     (deg)     (meters)     (meters)  (meters)  (meters)  (meters)

1200340004_01   37.179532  119.795302     2.081       7.809     0.917     7.542     2.149
1200340033_01   37.061655  119.628929     1.000       5.165     1.170     4.893     1.978
1200340062_01   37.344069  119.852642    -0.053      -6.310     5.193    -7.081     4.118
1200340068_01   36.996887  119.384786     4.992       2.716    -1.084     2.839    -0.639
1200340069_01   36.879489  119.268205     4.442      -4.076    -2.539    -3.632    -3.161
1200340074_01   37.044259  119.467845     4.046       1.248     0.212     1.181     0.406
1210340007_01   37.364701  119.845335     1.258      -4.940    -6.207    -3.913    -6.921
1210340009_01   37.158753  119.775106     1.138      -3.874     1.825    -4.139     1.180
1210340016_01   37.001970  119.532764     1.932       3.906    -0.252     3.878     0.373
1210340021_01   37.708372  118.850189     1.316       5.459    -5.200     6.218    -4.267
1210340030_01   37.177283  118.002813     2.098      -6.909     1.242    -7.000     0.129
1210340039_01   37.343979  119.852679     0.011      -0.818    -2.176    -0.485    -2.283
1210340056_01   37.658116  118.058221     3.639       3.549    -5.365     4.375    -4.730
1210340057_01   37.521465  118.069528     3.548      -5.607     5.516    -6.394     4.557
1210340059_01   37.061512  119.629201     1.000       4.316     0.026     4.237     0.712
1210340067_01   37.328854  118.435201     2.331       0.443    -0.449     0.517    -0.371
1210340069_01   37.732013  117.884281    -1.725      -4.143    -0.983    -3.909    -1.623
1210340074_01   37.707769  117.907817     1.943       0.909    -1.285     1.124    -1.120
1210340076_01   37.596866  117.947588     3.264      -1.444    -3.066    -0.917    -3.252
1210340082_01   37.204436  118.247250     4.097       3.358    -4.431     4.033    -3.838
1210340100_01   37.636413  118.004531     2.562       4.039    -3.111     4.502    -2.427
1210340158_01   37.381981  118.307451     4.391       0.951    -5.736     1.864    -5.509
1210340163_01   37.841323  118.766571     1.475       0.915    -0.647     1.011    -0.493
1210340178_01   37.539749  117.955353     4.320      -1.307     3.895    -1.889     3.641
1210340190_01   36.756324  118.250375   118.193       6.690    -2.591     7.025    -1.487
1210340193_01   37.562631  118.031733     2.314      -1.514    -1.063    -1.306    -1.287
1210340211_01   36.875351  119.587130     6.122      -1.091    -1.689    -0.828    -1.845
1210340213_01   37.184939  117.959991     4.832      -5.683     5.657    -6.492     4.682
1210340225_01   36.969133  118.026026    11.312      -5.908     3.602    -6.391     2.616
1210340227_01   37.174457  117.882134     6.258      -2.267     5.406    -3.080     4.978
1210340246_01   37.015179  117.722130     6.899      -7.268     4.020    -7.792     2.813
1210340247_01   37.044429  119.468069     4.215      -0.621     3.761    -1.229     3.611
1210340251_01   36.783286  119.530923     3.323      -6.964    -1.056    -6.726    -2.162
1210340252_01   37.312904  119.818335    12.857      -1.168     1.401    -1.399     1.193
1210340253_01   37.176370  118.680342     1.429      -0.721     0.317    -0.761     0.198
1210340259_01   37.443714  118.587622    -0.848      -0.646     2.019    -0.953     1.891
1210340260_01   37.459533  118.009284     3.000       7.397     2.917     6.855     4.057
1210340261_01   37.315331  117.767312     6.795       3.914    -0.494     3.965     0.138
1210340264_01   38.017085  118.403409    -0.045       5.656     0.022     5.594     0.919
1210340266_01   37.386331  118.329553     3.238      -4.214    -4.060    -3.501    -4.676
1210340288_01   36.776002  118.256409   117.357       3.214     1.117     3.002     1.617
1210340300_01   37.883917  118.774752    -1.000      -5.034     2.879    -5.422     2.045
1210340306_01   37.135768  118.964482    -1.000       2.895    -6.057     3.819    -5.519
1210340307_01   37.498517  117.971458     4.416       6.203    -4.380     6.839    -3.335
1210340313_01   37.409929  117.958787     6.958       0.069    -4.751     0.845    -4.675
1210340317_01   37.144570  117.864559     4.414      -0.603    -1.526    -0.331    -1.599
1210340319_01   36.996262  119.322918     2.756      -6.336    -2.309    -5.901    -3.295
1210340321_01   37.687773  117.906212     1.763      -4.491     3.643    -4.989     2.888
1210340323_01   37.688589  118.259058     1.715       8.101    -4.795     8.773    -3.446
1210340339_01   37.299864  118.142541     3.000      -1.385     1.654    -1.615     1.415
1210340341_01   36.952508  119.532135     4.019      -0.917     0.962    -1.078     0.800
1210340345_01   37.744715  118.927359     0.889      -1.625     6.551    -2.644     6.210
1210340368_01   37.480206  118.086922     6.693       1.689    -2.674     2.110    -2.368
1210340371_01   36.929267  117.975302    17.650       1.220    -0.846     1.355    -0.638
1210340372_01   37.098677  117.959914     5.430      -5.852     2.485    -6.154     1.523
1210340373_01   37.612855  117.976342     2.686       2.959     0.843     2.807     1.304
1210340384_01   36.729740  119.531514     4.441      -7.212     5.830    -8.072     4.597
1210340389_01   37.024070  119.226314     1.901      -1.972     5.138    -2.778     4.755
1210340394_01   37.208927  118.819328    -2.000      -1.994    -0.455    -1.897    -0.768
1210340404_01   36.680535  119.038446    35.420      -0.198    -0.545    -0.118    -0.572
1210340405_01   37.079870  119.737810    10.196       3.721    -1.562     3.901    -0.951
1210340412_01   36.742948  118.473943    71.340       1.201     3.387     0.647     3.535
1210340414_01   38.097276  118.319411    -2.114      -0.013     0.697    -0.107     0.688
1210340417_01   37.058422  119.741761    15.131       8.330    -3.129     8.701    -1.761
1210340427_01   38.072727  118.314523    -0.689      -4.314     6.028    -5.197     5.271
1210350397_01   36.756324  118.250375   118.193       7.304    -2.923     7.684    -1.716
1210350419_01   36.742948  118.473943    71.340       1.026     2.752     0.576     2.880
1210350448_01   36.680535  119.038446    35.420       1.014    -1.276     1.195    -1.099
1220340040_01   38.030083  118.283339    -2.000      -5.131     5.233    -5.878     4.356
1220340203_01   37.540020  117.955357     4.568      -0.299    -5.399     0.585    -5.374
1220340380_01   37.351653  117.834411     7.712       7.211    -0.271     7.182     0.882
1220340416_01   37.177283  118.002813     2.098      -7.260     1.402    -7.371     0.231
1220340439_01   37.396080  118.279227     4.726       2.331    -1.896     2.616    -1.499
1220340458_01   37.205485  118.250310     4.628       5.184    -1.377     5.349    -0.532
