Wed. Jul. 30, 2014             LANDSAT 5                 Time: 17:57
                         Image Assessment System
                           GCP Residual Report
----------------------------------------------------------------------------
WOID: L12664862            Path/Row: 121 / 034

L0R Reference Image: L51HAJ1085329020100_HDF.142112240
Acquisition Date: Nov 25, 1985

Band Number:  5

GeoCover date for each WRS-2 path/row used:
Path  Row   Date
120   034   2000-06-12
121   034   2000-05-02
121   035   2000-05-02
122   034   2001-05-28


Point_ID      Latitude  Longitude    Height       Across    Along    Residual  Residual
                                                   Scan      Scan      In y      in x
                                                 Residual  Residual    dir       dir
                (deg)     (deg)     (meters)     (meters)  (meters)  (meters)  (meters)

1200340003   37.323624  119.887005     1.850      -3.451     6.152    -4.387     5.525
1200340004   37.179532  119.795302     2.081       6.747    -0.354     6.719     0.729
1200340033   37.061655  119.628929     1.000       5.723     0.250     5.611     1.162
1200340062   37.344069  119.852642    -0.053      -8.646     4.311    -9.224     2.878
1200340068   36.996887  119.384786     4.992       3.911    -0.410     3.927     0.221
1200340069   36.879489  119.268205     4.442       2.695    -5.165     3.486    -4.668
1200340074   37.044259  119.467845     4.046      -0.959     2.905    -1.410     2.715
1200340123   36.998641  119.533987     3.286       5.817    -3.841     6.357    -2.863
1200340211   36.985490  119.621514     1.107       2.480     2.225     2.094     2.593
1200340220   36.842827  119.585769     2.000      -0.703     1.427    -0.922     1.296
1210340007   37.364701  119.845335     1.258      -5.666    -6.245    -4.602    -7.072
1210340009   37.158753  119.775106     1.138      -4.749     1.755    -4.969     0.974
1210340016   37.001970  119.532764     1.932       3.054    -0.277     3.060     0.214
1210340021   37.708372  118.850189     1.316       5.368    -5.117     6.112    -4.199
1210340030   37.177283  118.002813     2.098      -6.656     1.197    -6.760     0.122
1210340039   37.343979  119.852679     0.011      -1.544    -2.152    -1.182    -2.372
1210340056   37.658116  118.058221     3.639       3.862    -5.375     4.666    -4.693
1210340057   37.521465  118.069528     3.548      -4.988     5.489    -5.797     4.626
1210340059   37.061512  119.629201     1.000       3.484    -0.090     3.455     0.468
1210340067   37.328854  118.435201     2.331       0.273    -0.492     0.348    -0.442
1210340069   37.732013  117.884281    -1.725      -3.799    -0.858    -3.613    -1.449
1210340074   37.707769  117.907817     1.943       1.329    -1.260     1.512    -1.034
1210340076   37.596866  117.947588     3.264      -1.371    -3.077    -0.864    -3.254
1210340082   37.204436  118.247250     4.097       3.330    -4.277     3.969    -3.692
1210340100   37.636413  118.004531     2.562       4.386    -3.004     4.807    -2.270
1210340158   37.381981  118.307451     4.391       1.124    -5.671     2.012    -5.419
1210340163   37.841323  118.766571     1.475       0.877    -0.481     0.942    -0.336
1210340178   37.539749  117.955353     4.320      -1.014     3.810    -1.607     3.599
1210340190   36.756324  118.250375   118.193       6.510    -2.552     6.832    -1.478
1210340193   37.562631  118.031733     2.314      -1.175    -0.938    -1.010    -1.112
1210340211   36.875351  119.587130     6.122      -1.981    -1.706    -1.683    -2.002
1210340213   37.184939  117.959991     4.832      -5.524     5.660    -6.354     4.707
1210340225   36.969133  118.026026    11.312      -5.583     3.836    -6.123     2.896
1210340227   37.174457  117.882134     6.258      -1.847     5.878    -2.761     5.508
1210340246   37.015179  117.722130     6.899      -6.806     3.920    -7.343     2.785
1210340247   37.044429  119.468069     4.215      -1.337     3.743    -1.917     3.482
1210340251   36.783286  119.530923     3.323      -8.063    -1.098    -7.786    -2.375
1210340252   37.312904  119.818335    12.857      -2.016     1.303    -2.198     0.965
1210340253   37.176370  118.680342     1.429      -0.945     0.407    -0.998     0.251
1210340259   37.443714  118.587622    -0.848      -0.693     2.072    -1.014     1.935
1210340261   37.315331  117.767312     6.795       4.255    -0.355     4.256     0.325
1210340264   38.017085  118.403409    -0.045       4.760     0.318     4.649     1.067
1210340266   37.386331  118.329553     3.238      -4.145    -3.941    -3.464    -4.549
1210340288   36.776002  118.256409   117.357       3.135     1.295     2.886     1.779
1210340300   37.883917  118.774752    -1.000      -5.001     2.920    -5.401     2.090
1210340306   37.135768  118.964482    -1.000       2.475    -6.001     3.400    -5.529
1210340307   37.498517  117.971458     4.416       6.358    -4.234     6.949    -3.170
1210340313   37.409929  117.958787     6.958       0.450    -4.473     1.157    -4.343
1210340317   37.144570  117.864559     4.414      -0.486    -1.392    -0.257    -1.451
1210340319   36.996262  119.322918     2.756      -7.048    -2.381    -6.578    -3.477
1210340321   37.687773  117.906212     1.763      -4.254     3.771    -4.798     3.048
1210340323   37.688589  118.259058     1.715       8.320    -4.529     8.932    -3.150
1210340339   37.299864  118.142541     3.000      -1.208     1.436    -1.421     1.225
1210340341   36.952508  119.532135     4.019      -1.581     0.993    -1.720     0.728
1210340345   37.744715  118.927359     0.889      -1.794     6.773    -2.847     6.403
1210340368   37.480206  118.086922     6.693       1.751    -2.696     2.157    -2.383
1210340371   36.929267  117.975302    17.650       1.174    -0.791     1.285    -0.593
1210340372   37.098677  117.959914     5.430      -5.771     2.446    -6.086     1.495
1210340373   37.612855  117.976342     2.686       3.305     0.849     3.127     1.362
1210340384   36.729740  119.531514     4.441      -8.185     5.874    -9.019     4.488
1210340389   37.024070  119.226314     1.901      -2.667     5.004    -3.431     4.514
1210340394   37.208927  118.819328    -2.000      -2.275    -0.390    -2.184    -0.748
1210340404   36.680535  119.038446    35.420      -1.002    -0.334    -0.936    -0.490
1210340405   37.079870  119.737810    10.196       2.714    -1.404     2.904    -0.953
1210340412   36.742948  118.473943    71.340       0.882     3.452     0.318     3.548
1210340414   38.097276  118.319411    -2.114       0.332     0.694     0.218     0.738
1210340417   37.058422  119.741761    15.131       7.638    -3.075     8.032    -1.815
1210340427   38.072727  118.314523    -0.689      -4.002     6.017    -4.904     5.308
1210340438   37.352318  119.876698     6.194       8.734    -4.548     9.349    -3.098
1210350397   36.756324  118.250375   118.193       7.186    -2.858     7.548    -1.673
1210350419   36.742948  118.473943    71.340       0.716     2.815     0.256     2.892
1210350448   36.680535  119.038446    35.420       0.213    -1.066     0.381    -1.018
1220340040   38.030083  118.283339    -2.000      -4.848     5.188    -5.608     4.355
1220340203   37.540020  117.955357     4.568      -0.126    -5.202     0.703    -5.155
1220340380   37.351653  117.834411     7.712       7.769    -0.185     7.696     1.052
1220340416   37.177283  118.002813     2.098      -7.039     1.375    -7.166     0.236
1220340439   37.396080  118.279227     4.726       2.548    -1.884     2.815    -1.455
1220340458   37.205485  118.250310     4.628       5.238    -1.321     5.381    -0.470
