==============================================================================
==============================================================================
Wed. Jul. 30 2014                  LANDSAT 5                       Time: 23:08
                            Image Assessment System
                            GEOMETRIC VERIFY Report
==============================================================================
Order ID: 0101407296728_00001                          Path / Row - 121 / 34
Reference Image: L51HAJ1085329020100_HDF.L1G

Color mapping per rank
----------------------
Rank  1 is Green: total residual <= 0.5
Rank  2 is Cyan: 0.5 < total residual <=  1
Rank  3 is Blue:  1 < total residual <=  2
Rank  4 is Yellow:  2 < total residual <=  3
Rank  5 is Red:  3 < total residual

Percentage of residuals by rank
-------------------------------
Rank   1 -- 91.6%
Rank   2 --  8.4%
Rank   3 --  0.0%
Rank   4 --  0.0%
Rank   5 --  0.0%

       GCP    Latitude    Longitude  Sample   Line     Total    Rank
        ID                           Residual Residual Residual
              (Degree)    (Degree)   (Pixel)  (Pixel)  (Pixel)
----------------------------------------------------------------------
1210340914   38.11728    118.05215     0.66      0.08     0.66     2 
1210341074   38.06386    118.40362     0.17      0.04     0.17     1 
1210341078   38.06209    118.54447    -0.25      0.14     0.29     1 
1210341083   38.05964    118.72052    -0.19      0.61     0.64     2 
1210341144   38.04096    118.22712    -0.25      0.10     0.27     1 
1210341213   38.01810    118.01553    -0.19      0.41     0.45     1 
1210341228   38.01236    118.54343     0.33      0.26     0.42     1 
1210341232   38.01042    118.68417    -0.07      0.11     0.13     1 
1210341233   38.00991    118.71935    -0.15     -0.11     0.18     1 
1210341234   38.00939    118.75454    -0.01     -0.03     0.03     1 
1210341306   37.98606    118.64843     0.00      0.18     0.18     1 
1210341307   37.98556    118.68360     0.07      0.01     0.07     1 
1210341309   37.98453    118.75395    -0.37      0.10     0.38     1 
1210341383   37.96019    118.71819     0.47     -0.18     0.50     1 
1210341439   37.94318    118.04966    -0.02      0.35     0.35     1 
1210341443   37.94184    118.19031     0.29      0.44     0.53     2 
1210341444   37.94148    118.22546     0.12     -0.05     0.13     1 
1210341456   37.93633    118.64732     0.69      0.10     0.70     2 
1210341532   37.91096    118.68190     0.60      0.11     0.61     2 
1210341540   37.90661    118.96297    -0.08      0.02     0.09     1 
1210341590   37.89312    118.08410     0.49      0.09     0.50     1 
1210341608   37.88559    118.71646    -0.22     -0.15     0.27     1 
1210341663   37.86887    118.01348     0.06      0.30     0.30     1 
1210341666   37.86792    118.11885     0.34     -0.23     0.41     1 
1210341685   37.85968    118.78611    -0.14     -0.16     0.21     1 
1210341738   37.84400    118.01314     0.04     -0.05     0.07     1 
1210341810   37.81998    117.90748     0.10     -0.32     0.34     1 
1210341811   37.81971    117.94259     0.06      0.09     0.11     1 
1210341812   37.81942    117.97769     0.13     -0.13     0.19     1 
1210341816   37.81817    118.11810     0.26     -0.05     0.27     1 
1210341834   37.81048    118.74982     0.22     -0.41     0.47     1 
1210341835   37.80995    118.78491     0.40      0.24     0.47     1 
1210341887   37.79455    117.97737    -0.06     -0.29     0.29     1 
1210341891   37.79330    118.11773    -0.01      0.26     0.26     1 
1210341908   37.78613    118.71416    -0.09      0.18     0.20     1 
1210341960   37.77024    117.90688     0.16     -0.25     0.30     1 
1210342064   37.73316    118.92332     0.09      0.08     0.13     1 
1210342137   37.70942    118.85260     0.03     -0.20     0.20     1 
1210342141   37.70713    118.99274     0.46     -0.18     0.50     1 
1210342142   37.70653    119.02778    -0.18     -0.06     0.19     1 
1210342185   37.69562    117.90597     0.07     -0.04     0.08     1 
1210342265   37.66927    118.08083     0.09     -0.01     0.09     1 
1210342363   37.63427    118.88575     0.19      0.20     0.27     1 
1210342576   37.56563    118.46419    -0.20     -0.03     0.20     1 
1210342662   37.53537    118.84828    -0.11      0.04     0.12     1 
1210342664   37.53425    118.91819    -0.01      0.24     0.24     1 
1210342715   37.52003    118.07867     0.12     -0.02     0.12     1 
1210342732   37.51311    118.67293     0.11      0.19     0.22     1 
1210342783   37.49714    117.83365    -0.03     -0.06     0.07     1 
1210342795   37.49343    118.25306    -0.24      0.04     0.24     1 
1210342799   37.49187    118.39284     0.02      0.31     0.31     1 
1210342803   37.49014    118.53262    -0.02      0.05     0.05     1 
1210342807   37.48824    118.67238     0.05      0.26     0.27     1 
1210342809   37.48723    118.74225     0.08      0.17     0.19     1 
1210342813   37.48508    118.88199    -0.13      0.05     0.14     1 
1210342879   37.46481    118.56704     0.09      0.16     0.19     1 
1210342880   37.46434    118.60197    -0.01      0.13     0.14     1 
1210342884   37.46236    118.74167     0.14     -0.41     0.43     1 
1210342933   37.44739    117.83310     0.05     -0.01     0.05     1 
1210342956   37.43899    118.63635    -0.01      0.12     0.12     1 
1210343007   37.42275    117.79790     0.14     -0.66     0.67     2 
1210343022   37.41806    118.32164     0.12     -0.09     0.15     1 
1210343033   37.41314    118.70562     0.09     -0.17     0.19     1 
1210343096   37.39357    118.28630    -0.09     -0.01     0.10     1 
1210343097   37.39319    118.32120     0.30     -0.03     0.30     1 
1210343111   37.38672    118.80972     0.12      0.29     0.31     1 
1210343159   37.37251    117.86717    -0.17      0.19     0.26     1 
1210343174   37.36751    118.39054    -0.07      0.07     0.10     1 
1210343175   37.36710    118.42543     0.12     -0.12     0.17     1 
1210343178   37.36579    118.53008    -0.15      0.04     0.16     1 
1210343216   37.34122    119.85494     0.10     -0.10     0.14     1 
1210343248   37.34305    118.35521    -0.02     -0.07     0.07     1 
1210343249   37.34264    118.39008    -0.05      0.02     0.06     1 
1210343250   37.34223    118.42496    -0.14     -0.06     0.15     1 
1210343251   37.34180    118.45983    -0.01      0.10     0.10     1 
1210343256   37.33952    118.63419     0.15      0.06     0.16     1 
1210343262   37.33645    118.84339    -0.16     -0.60     0.62     2 
1210343263   37.33590    118.87826    -0.20      0.38     0.43     1 
1210343290   37.31721    119.81917     0.08      0.07     0.11     1 
1210343313   37.32165    118.00608     0.39     -0.25     0.46     1 
1210343314   37.32135    118.04095    -0.06     -0.30     0.30     1 
1210343317   37.32039    118.14556    -0.37      0.23     0.43     1 
1210343319   37.31969    118.21530     0.06      0.21     0.22     1 
1210343320   37.31933    118.25016     0.25     -0.31     0.40     1 
1210343333   37.31367    118.70337     0.24     -0.04     0.24     1 
1210343335   37.31265    118.77308    -0.03      0.12     0.12     1 
1210343403   37.29118    118.52857     0.24      0.13     0.27     1 
1210343407   37.28930    118.66796     0.26      0.06     0.27     1 
1210343410   37.28778    118.77250     0.12     -0.16     0.20     1 
1210343414   37.28561    118.91186     0.22      0.25     0.33     1 
1210343415   37.28504    118.94670     0.41      0.27     0.49     1 
1210343459   37.27301    117.86603     0.43      0.30     0.53     2 
1210343474   37.26803    118.38871     0.01      0.25     0.25     1 
1210343483   37.26393    118.70225    -0.05      0.08     0.09     1 
1210343485   37.26291    118.77191    -0.15      0.06     0.16     1 
1210343487   37.26185    118.84157    -0.12      0.02     0.12     1 
1210343488   37.26130    118.87640     0.10      0.22     0.25     1 
1210343558   37.23907    118.70169     0.31     -0.03     0.31     1 
1210343562   37.23698    118.84097     0.15      0.08     0.16     1 
1210343563   37.23644    118.87579     0.01     -0.07     0.07     1 
1210343687   37.19757    117.96962     0.25      0.05     0.25     1 
1210343693   37.19568    118.17849     0.06     -0.06     0.08     1 
1210343696   37.19459    118.28292     0.06     -0.03     0.07     1 
1210343704   37.19125    118.56136     0.00      0.00     0.00     1 
1210343739   37.16894    119.77886    -0.14      0.09     0.17     1 
1210343760   37.17324    117.89969     0.04      0.02     0.04     1 
1210343761   37.17297    117.93449     0.00     -0.19     0.19     1 
1210343763   37.17240    118.00410     0.08      0.04     0.08     1 
1210343789   37.16128    118.90873     0.06      0.08     0.10     1 
1210343790   37.16072    118.94351     0.08     -0.06     0.10     1 
1210343813   37.14490    119.74319    -0.08      0.25     0.26     1 
1210343834   37.14863    117.86460     0.22      0.05     0.22     1 
1210343839   37.14723    118.03856     0.59      0.10     0.60     2 
1210343843   37.14593    118.17772    -0.03      0.14     0.15     1 
1210343858   37.13959    118.69946     0.30      0.23     0.38     1 
1210343861   37.13805    118.80378    -0.48      0.27     0.55     2 
1210343863   37.13697    118.87333     0.09     -0.10     0.14     1 
1210343864   37.13642    118.90810     0.10      0.08     0.13     1 
1210343866   37.13528    118.97764    -0.16     -0.00     0.16     1 
1210343908   37.12400    117.82954    -0.22      0.28     0.35     1 
1210343911   37.12322    117.93388     0.24     -0.11     0.26     1 
1210343917   37.12139    118.14255     0.21     -0.49     0.53     2 
1210343934   37.11422    118.73366     0.05      0.10     0.11     1 
1210343938   37.11211    118.87271     0.08      0.08     0.12     1 
1210343963   37.09520    119.74140     0.19     -0.57     0.60     2 
1210344007   37.09035    118.66359    -0.05      0.24     0.25     1 
1210344013   37.08724    118.87210    -0.11      0.30     0.32     1 
1210344038   37.07035    119.74050    -0.00      0.04     0.04     1 
1210344105   37.05159    119.46189    -0.05      0.13     0.13     1 
1210344139   37.04773    118.03720     0.36     -0.01     0.36     1 
1210344158   37.04012    118.69724    -0.08     -0.18     0.20     1 
1210344159   37.03962    118.73197    -0.33     -0.31     0.45     1 
1210344169   37.03404    119.07922     0.17      0.02     0.17     1 
1210344174   37.03087    119.25282     0.10      0.28     0.30     1 
1210344180   37.02673    119.46109     0.42     -0.21     0.47     1 
1210344248   37.00666    119.21738    -0.51      0.33     0.61     2 
1210344257   37.00041    119.52968    -0.12     -0.02     0.13     1 
1210344259   36.99891    119.59907    -0.17      0.06     0.18     1 
1210344260   36.99815    119.63376     0.02     -0.13     0.13     1 
1210344280   37.00030    117.72401    -0.07      0.16     0.18     1 
1210344318   36.98492    119.04317    -0.22     -0.16     0.28     1 
1210344319   36.98431    119.07787     0.29      0.12     0.32     1 
1210344321   36.98308    119.14727    -0.01      0.44     0.44     1 
1210344324   36.98115    119.25135     0.07      0.10     0.12     1 
1210344329   36.97773    119.42480     0.59     -0.26     0.64     2 
1210344334   36.97406    119.59822    -0.07     -0.01     0.07     1 
1210344363   36.97340    118.00148     0.04      0.08     0.09     1 
1210344368   36.97181    118.17503    -0.20     -0.06     0.21     1 
1210344394   36.95945    119.07719    -0.12      0.02     0.12     1 
1210344407   36.95070    119.52803     0.09      0.06     0.11     1 
1210344484   36.92435    119.59653    -0.11      0.12     0.16     1 
1210344548   36.90722    119.21449    -0.09      0.03     0.10     1 
1210344549   36.90657    119.24916    -0.07      0.00     0.07     1 
1210344559   36.89950    119.59569     0.27      0.12     0.29     1 
1210344624   36.88170    119.24842    -0.01      0.04     0.04     1 
1210344634   36.87464    119.59485     0.04     -0.03     0.05     1 
1210344653   36.87631    117.65350    -0.24     -0.48     0.54     2 
1210344701   36.85551    119.31697     0.12     -0.10     0.16     1 
1210344709   36.84979    119.59400     0.01      0.07     0.08     1 
1210344728   36.85143    117.65328    -0.00     -0.18     0.18     1 
1210344729   36.85123    117.68794    -0.01     -0.18     0.18     1 
1210344742   36.84777    118.13847    -0.05      0.26     0.27     1 
1210344743   36.84743    118.17312     0.04      0.12     0.13     1 
1210344816   36.82322    118.10346     0.24      0.03     0.25     1 
1210344858   36.80083    119.55772     0.03      0.13     0.14     1 
1210344932   36.77671    119.52230    -0.11      0.04     0.12     1 
1210344968   36.77281    118.17198    -0.40     -0.18     0.44     1 
1210344969   36.77246    118.20660     0.15      0.05     0.16     1 
1210344990   36.76287    118.93342     0.15     -0.10     0.18     1 
1210345007   36.75185    119.52149     0.15      0.13     0.20     1 
1210345049   36.74571    118.37924     0.02      0.08     0.08     1 
1210345086   36.72399    119.65895     0.07      0.15     0.16     1 
1210345211   36.69043    118.79327     0.26      0.08     0.28     1 
1210345213   36.68937    118.86241    -0.33     -0.02     0.33     1 
1210345233   36.67655    119.55360     0.09      0.12     0.15     1 
1210345290   36.66340    118.93093     0.02      0.26     0.27     1 
1210345293   36.66167    119.03459     0.24      0.28     0.37     1 
1210345294   36.66108    119.06915     0.10      0.44     0.45     1 
----------------------------------------------------------------------
---------------------------------------------------
Total correlated GCPs in Upper Left Quadrant: 40

GCP statistics this quadrant only (in Pixels)
Line residual statistics:
  Mean: 0.094
  Median: 0.066
  Standard Deviation: 0.254

Sample residual statistics:
  Mean: 0.043
  Median: 0.059
  Standard Deviation: 0.218

Quadrant RMSE: 0.350

---------------------------------------------------
Total correlated GCPs in Upper Right Quadrant: 9

GCP statistics this quadrant only (in Pixels)
Line residual statistics:
  Mean: 0.037
  Median: -0.015
  Standard Deviation: 0.191

Sample residual statistics:
  Mean: 0.032
  Median: 0.038
  Standard Deviation: 0.127

Quadrant RMSE: 0.235

---------------------------------------------------
Total correlated GCPs in Lower Left Quadrant: 69

GCP statistics this quadrant only (in Pixels)
Line residual statistics:
  Mean: 0.056
  Median: 0.039
  Standard Deviation: 0.179

Sample residual statistics:
  Mean: 0.001
  Median: 0.039
  Standard Deviation: 0.192

Quadrant RMSE: 0.268

---------------------------------------------------
Total correlated GCPs in Lower Right Quadrant: 60

GCP statistics this quadrant only (in Pixels)
Line residual statistics:
  Mean: 0.019
  Median: 0.037
  Standard Deviation: 0.196

Sample residual statistics:
  Mean: 0.062
  Median: 0.075
  Standard Deviation: 0.196

Quadrant RMSE: 0.285

---------------------------------------------------
---------------------------------------------------
Total correlated GCPs in scene: 178

GCP statistics entire scene (in Pixels)
Line residual statistics:
  Mean: 0.051
  Median: 0.042
  Standard Deviation: 0.206

Sample residual statistics:
  Mean: 0.033
  Median: 0.048
  Standard Deviation: 0.199

Scene RMSE: 0.292

