==============================================================================
==============================================================================
Tue. Sep. 2 2014                  LANDSAT 4                       Time: 11:23
                            Image Assessment System
                            GEOMETRIC VERIFY Report
==============================================================================
Order ID: 0101409017506_00039                          Path / Row - 121 / 34
Reference Image: L41XXX1089028020100_HDF.L1G

Color mapping per rank
----------------------
Rank  1 is Green: total residual <= 0.5
Rank  2 is Cyan: 0.5 < total residual <=  1
Rank  3 is Blue:  1 < total residual <=  2
Rank  4 is Yellow:  2 < total residual <=  3
Rank  5 is Red:  3 < total residual

Percentage of residuals by rank
-------------------------------
Rank   1 -- 87.5%
Rank   2 -- 12.5%
Rank   3 --  0.0%
Rank   4 --  0.0%
Rank   5 --  0.0%

       GCP    Latitude    Longitude  Sample   Line     Total    Rank
        ID                           Residual Residual Residual
              (Degree)    (Degree)   (Pixel)  (Pixel)  (Pixel)
----------------------------------------------------------------------
1210340919   38.11239    118.27280    -0.06      0.49     0.49     1 
1210340921   38.11160    118.34328    -0.10     -0.07     0.12     1 
1210340989   38.08930    118.09622     0.19     -0.51     0.54     2 
1210340993   38.08790    118.23714     0.02      0.07     0.07     1 
1210340997   38.08633    118.37805    -0.01      0.51     0.51     2 
1210340998   38.08591    118.41328    -0.23     -0.19     0.29     1 
1210341006   38.08218    118.69505    -0.10     -0.54     0.55     2 
1210341061   38.06536    117.99019     0.48      0.07     0.48     1 
1210341064   38.06442    118.09585     0.06      0.09     0.11     1 
1210341085   38.05520    118.83530    -0.06      0.18     0.19     1 
1210341151   38.03486    118.51792     0.00      0.00     0.00     1 
1210341152   38.03440    118.55312     0.17      0.00     0.17     1 
1210341155   38.03296    118.65871    -0.12     -0.22     0.26     1 
1210341162   38.02922    118.90506    -0.29      0.11     0.31     1 
1210341163   38.02865    118.94025    -0.40      0.54     0.67     2 
1210341212   38.01532    118.02472    -0.14      0.44     0.46     1 
1210341223   38.01131    118.41184    -0.23      0.09     0.25     1 
1210341231   38.00759    118.69333     0.13      0.02     0.13     1 
1210341232   38.00708    118.72852    -0.31     -0.07     0.32     1 
1210341233   38.00655    118.76370    -0.49     -0.07     0.50     1 
1210341307   37.98221    118.72793     0.14      0.42     0.44     1 
1210341380   37.95836    118.65703    -0.45     -0.31     0.54     2 
1210341382   37.95735    118.72735    -0.01     -0.26     0.26     1 
1210341390   37.95288    119.00858    -0.20     -0.07     0.21     1 
1210341442   37.93904    118.19948    -0.27     -0.57     0.63     2 
1210341455   37.93350    118.65647    -0.14     -0.11     0.18     1 
1210341457   37.93248    118.72677    -0.15     -0.31     0.34     1 
1210341524   37.91141    118.44508    -0.21     -0.02     0.21     1 
1210341528   37.90960    118.58564    -0.49     -0.28     0.57     2 
1210341542   37.90194    119.07748    -0.17      0.13     0.21     1 
1210341589   37.89033    118.09327     0.49      0.37     0.61     2 
1210341616   37.87770    119.04167    -0.28      0.05     0.29     1 
1210341662   37.86609    118.02265     0.22     -0.08     0.23     1 
1210341665   37.86512    118.12802     0.39      0.02     0.39     1 
1210341677   37.86033    118.54946    -0.19     -0.23     0.30     1 
1210341678   37.85986    118.58457    -0.69      0.16     0.71     2 
1210341682   37.85789    118.72502     0.47     -0.21     0.51     2 
1210341684   37.85684    118.79524    -0.14     -0.04     0.14     1 
1210341737   37.84121    118.02231    -0.14     -0.12     0.18     1 
1210341740   37.84025    118.12764    -0.06     -0.13     0.15     1 
1210341753   37.83500    118.58404    -0.01      0.18     0.18     1 
1210341759   37.83198    118.79464    -0.10     -0.17     0.20     1 
1210341767   37.82736    119.07539    -0.24      0.23     0.33     1 
1210341810   37.81693    117.95176     0.10     -0.10     0.14     1 
1210341815   37.81538    118.12726    -0.15     -0.08     0.17     1 
1210341824   37.81193    118.44314    -0.18     -0.04     0.18     1 
1210341830   37.80917    118.65369    -0.31      0.21     0.37     1 
1210341833   37.80764    118.75895     0.13     -0.36     0.38     1 
1210341843   37.80188    119.10977    -0.74     -0.10     0.75     2 
1210341886   37.79177    117.98653     0.02     -0.25     0.25     1 
1210341887   37.79147    118.02162    -0.03     -0.12     0.12     1 
1210341898   37.78749    118.40757     0.03      0.70     0.70     2 
1210341907   37.78330    118.72329    -0.34     -0.10     0.35     1 
1210341970   37.76383    118.30188    -0.06     -0.08     0.10     1 
1210341987   37.75574    118.89802    -0.57      0.30     0.65     2 
1210341988   37.75517    118.93308    -0.10     -0.37     0.39     1 
1210342035   37.74231    117.95080    -0.29     -0.20     0.35     1 
1210342039   37.74110    118.09107    -0.21      0.26     0.33     1 
1210342040   37.74077    118.12613    -0.08      0.06     0.10     1 
1210342061   37.73143    118.86234    -0.17     -0.11     0.21     1 
1210342065   37.72913    119.00252    -0.05      0.18     0.18     1 
1210342066   37.72853    119.03757    -0.08     -0.16     0.18     1 
1210342067   37.72792    119.07261    -0.45      0.09     0.46     1 
1210342115   37.71589    118.12575    -0.01     -0.13     0.13     1 
1210342127   37.71113    118.54635    -0.01     -0.01     0.02     1 
1210342131   37.70920    118.68652    -0.21     -0.26     0.34     1 
1210342137   37.70601    118.89675    -0.26     -0.18     0.31     1 
1210342140   37.70427    119.00185    -0.61      0.13     0.62     2 
1210342141   37.70367    119.03689    -0.46     -0.21     0.50     2 
1210342184   37.69284    117.91512     0.15      0.20     0.25     1 
1210342200   37.68716    118.47576     0.00      0.11     0.11     1 
1210342203   37.68579    118.58086    -0.26      0.38     0.46     1 
1210342210   37.68225    118.82607    -0.02     -0.09     0.09     1 
1210342213   37.68058    118.93114    -0.07      0.02     0.07     1 
1210342214   37.68000    118.96616    -0.47     -0.02     0.48     1 
1210342266   37.66581    118.16003    -0.03      0.10     0.10     1 
1210342275   37.66229    118.47527     0.13     -0.09     0.16     1 
1210342284   37.65792    118.79044     0.02     -0.13     0.14     1 
1210342287   37.65628    118.89548     0.16     -0.18     0.24     1 
1210342337   37.64223    118.01957     0.05     -0.10     0.12     1 
1210342338   37.64193    118.05459     0.20     -0.54     0.57     2 
1210342361   37.63198    118.85985     0.15     -0.03     0.15     1 
1210342411   37.61766    117.98422    -0.08     -0.09     0.12     1 
1210342497   37.58895    118.36883     0.19     -0.01     0.19     1 
1210342571   37.56448    118.33339    -0.17     -0.04     0.17     1 
1210342585   37.55793    118.82303    -0.05     -0.08     0.09     1 
1210342646   37.53961    118.33295    -0.26     -0.27     0.38     1 
1210342654   37.53612    118.61267     0.09     -0.12     0.15     1 
1210342659   37.53360    118.78746     0.06     -0.01     0.06     1 
1210342729   37.51125    118.61213     0.01      0.08     0.08     1 
1210342734   37.50873    118.78687     0.17      0.30     0.35     1 
1210342782   37.49437    117.84278     0.31     -0.20     0.37     1 
1210342794   37.49063    118.26217    -0.36     -0.04     0.36     1 
1210342803   37.48685    118.57666    -0.05      0.05     0.07     1 
1210342806   37.48541    118.68147    -0.10      0.01     0.10     1 
1210342807   37.48490    118.71641    -0.17     -0.02     0.17     1 
1210342857   37.46949    117.84250     0.16     -0.08     0.18     1 
1210342877   37.46244    118.54121    -0.21     -0.07     0.22     1 
1210342879   37.46151    118.61106     0.04      0.17     0.17     1 
1210342882   37.46004    118.71584     0.02     -0.01     0.02     1 
1210342949   37.43890    118.43594    -0.14      0.02     0.14     1 
1210342957   37.43517    118.71527    -0.01      0.14     0.14     1 
1210343021   37.41525    118.33074     0.19     -0.17     0.25     1 
1210343026   37.41316    118.50528    -0.14      0.00     0.14     1 
1210343032   37.41030    118.71470     0.01      0.05     0.05     1 
1210343096   37.39038    118.33030    -0.16     -0.08     0.18     1 
1210343098   37.38957    118.40010    -0.02     -0.18     0.18     1 
1210343101   37.38829    118.50478    -0.27     -0.08     0.28     1 
1210343102   37.38784    118.53968    -0.05     -0.02     0.05     1 
1210343110   37.38387    118.81880    -0.17      0.21     0.26     1 
1210343161   37.36892    117.98096    -0.16      0.18     0.24     1 
1210343162   37.36862    118.01586     0.31     -0.12     0.33     1 
1210343168   37.36664    118.22520    -0.35      0.12     0.37     1 
1210343173   37.36470    118.39964    -0.35      0.29     0.45     1 
1210343176   37.36342    118.50429     0.01     -0.30     0.30     1 
1210343177   37.36297    118.53917     0.45     -0.05     0.45     1 
1210343178   37.36251    118.57405     0.04     -0.09     0.10     1 
1210343187   37.35791    118.88795    -0.24      0.45     0.51     2 
1210343188   37.35735    118.92283    -0.69     -0.23     0.73     2 
1210343239   37.34313    118.08528    -0.35     -0.35     0.50     1 
1210343241   37.34247    118.15504     0.21      0.23     0.31     1 
1210343248   37.33983    118.39917    -0.13      0.02     0.13     1 
1210343249   37.33941    118.43405    -0.11     -0.12     0.16     1 
1210343254   37.33717    118.60840     0.06      0.13     0.15     1 
1210343260   37.33414    118.81760     0.01      0.09     0.10     1 
1210343261   37.33360    118.85247    -0.03     -0.23     0.24     1 
1210343262   37.33305    118.88733     0.20      0.28     0.34     1 
1210343289   37.31429    119.82820     0.08      0.29     0.31     1 
1210343318   37.31689    118.22439    -0.05     -0.29     0.29     1 
1210343319   37.31653    118.25926    -0.10      0.06     0.12     1 
1210343330   37.31182    118.64273    -0.16     -0.03     0.16     1 
1210343331   37.31133    118.67759    -0.11      0.21     0.24     1 
1210343332   37.31083    118.71244     0.07      0.27     0.28     1 
1210343401   37.28881    118.50280     0.04      0.63     0.63     2 
1210343402   37.28836    118.53765    -0.04     -0.66     0.66     2 
1210343405   37.28695    118.64219    -0.15      0.19     0.24     1 
1210343406   37.28647    118.67704     0.00      0.00     0.00     1 
1210343413   37.28276    118.92093     0.53      0.26     0.59     2 
1210343414   37.28219    118.95576     0.56     -0.03     0.56     2 
1210343473   37.26522    118.39779     0.06      0.07     0.09     1 
1210343481   37.26160    118.67648    -0.00     -0.12     0.12     1 
1210343484   37.26007    118.78098    -0.12     -0.10     0.16     1 
1210343486   37.25900    118.85064     0.13      0.01     0.13     1 
1210343487   37.25845    118.88547     0.01      0.03     0.03     1 
1210343547   37.24075    118.36250     0.42     -0.35     0.54     2 
1210343556   37.23673    118.67593    -0.11     -0.10     0.15     1 
1210343557   37.23623    118.71075     0.18      0.05     0.18     1 
1210343559   37.23521    118.78039    -0.04      0.09     0.10     1 
1210343560   37.23468    118.81521     0.02     -0.09     0.09     1 
1210343561   37.23414    118.85003     0.08     -0.10     0.13     1 
1210343562   37.23359    118.88485     0.01     -0.06     0.07     1 
1210343589   37.21490    119.82448    -0.22     -0.27     0.35     1 
1210343607   37.22074    117.83973    -0.18      0.01     0.18     1 
1210343613   37.21907    118.04868     0.09     -0.26     0.28     1 
1210343620   37.21666    118.29242     0.11     -0.13     0.17     1 
1210343682   37.19586    117.83945     0.02      0.23     0.23     1 
1210343683   37.19561    117.87427    -0.00      0.50     0.50     2 
1210343684   37.19535    117.90908     0.20     -0.03     0.21     1 
1210343694   37.19216    118.25719     0.10     -0.28     0.30     1 
1210343695   37.19179    118.29200     0.03     -0.05     0.06     1 
1210343702   37.18888    118.53563    -0.03      0.23     0.24     1 
1210343703   37.18842    118.57043     0.11      0.32     0.34     1 
1210343711   37.18441    118.84882    -0.26     -0.02     0.26     1 
1210343712   37.18386    118.88361    -0.03      0.01     0.03     1 
1210343738   37.16602    119.78787    -0.07     -0.03     0.07     1 
1210343759   37.17047    117.90878    -0.03      0.03     0.05     1 
1210343785   37.16008    118.81343     0.02     -0.22     0.22     1 
1210343786   37.15954    118.84821     0.12     -0.17     0.21     1 
1210343788   37.15843    118.91777    -0.01     -0.09     0.09     1 
1210343812   37.14199    119.75221    -0.08      0.26     0.27     1 
1210343856   37.13726    118.67373     0.06      0.09     0.11     1 
1210343886   37.11794    119.71656     0.05     -0.00     0.05     1 
1210343906   37.12147    117.80385     0.42     -0.02     0.42     1 
1210343937   37.10926    118.88176     0.08      0.24     0.26     1 
1210343954   37.09841    119.47252     0.03     -0.04     0.05     1 
1210343957   37.09619    119.57674     0.23      0.13     0.26     1 
1210344029   37.07355    119.47171     0.03      0.13     0.13     1 
1210344036   37.06823    119.71479    -0.33      0.09     0.34     1 
1210344089   37.05841    118.95000    -0.18      0.39     0.43     1 
1210344090   37.05783    118.98474     0.29      0.03     0.29     1 
1210344091   37.05724    119.01947     0.19      0.08     0.20     1 
1210344092   37.05665    119.05420     0.01      0.08     0.08     1 
1210344093   37.05604    119.08893     0.13      0.12     0.18     1 
1210344102   37.05012    119.40147     0.33      0.16     0.36     1 
1210344104   37.04870    119.47091     0.24      0.24     0.34     1 
1210344109   37.04495    119.64448    -0.14     -0.07     0.16     1 
1210344113   37.04177    119.78332     0.45     -0.10     0.46     1 
1210344167   37.03178    119.05353     0.31     -0.09     0.33     1 
1210344168   37.03118    119.08825    -0.01      0.01     0.02     1 
1210344173   37.02799    119.26184     0.12      0.09     0.15     1 
1210344183   37.02087    119.60892     0.19      0.02     0.19     1 
1210344185   37.01932    119.67832     0.06     -0.17     0.18     1 
1210344245   37.00507    119.15699     0.26      0.16     0.31     1 
1210344247   37.00379    119.22640     0.16      0.16     0.23     1 
1210344248   37.00313    119.26110    -0.44     -0.13     0.46     1 
1210344256   36.99752    119.53868     0.12      0.00     0.12     1 
1210344258   36.99601    119.60807     0.17      0.02     0.17     1 
1210344294   36.99318    118.25391     0.12     -0.26     0.28     1 
1210344318   36.98145    119.08689     0.50      0.60     0.78     2 
1210344331   36.97266    119.53786     0.32      0.14     0.35     1 
1210344405   36.94854    119.50236     0.20      0.08     0.22     1 
1210344411   36.94398    119.71037     0.01     -0.10     0.10     1 
1210344549   36.90303    119.29282     0.19     -0.07     0.20     1 
1210344623   36.87883    119.25743     0.28      0.02     0.28     1 
1210344652   36.87355    117.66256    -0.10     -0.06     0.12     1 
1210344700   36.85263    119.32596     0.15     -0.15     0.21     1 
1210344727   36.84867    117.66235    -0.07     -0.04     0.08     1 
1210344728   36.84847    117.69701     0.10     -0.18     0.21     1 
1210344780   36.82426    119.49831     0.23      0.58     0.62     2 
1210344814   36.82075    118.07786    -0.40      0.27     0.48     1 
1210344931   36.77381    119.53128     0.39      0.03     0.39     1 
1210344967   36.77001    118.18102    -0.03     -0.37     0.37     1 
1210344968   36.76967    118.21563     0.21      0.06     0.22     1 
1210345143   36.70795    119.07947     0.16      0.05     0.17     1 
1210345212   36.68652    118.87141    -0.02     -0.16     0.17     1 
1210345454   36.60126    119.45655     0.09     -0.80     0.81     2 
----------------------------------------------------------------------
---------------------------------------------------
Total correlated GCPs in Upper Left Quadrant: 78

GCP statistics this quadrant only (in Pixels)
Line residual statistics:
  Mean: -0.063
  Median: -0.063
  Standard Deviation: 0.221

Sample residual statistics:
  Mean: -0.026
  Median: -0.073
  Standard Deviation: 0.248

Quadrant RMSE: 0.340

---------------------------------------------------
Total correlated GCPs in Upper Right Quadrant: 10

GCP statistics this quadrant only (in Pixels)
Line residual statistics:
  Mean: -0.355
  Median: -0.366
  Standard Deviation: 0.216

Sample residual statistics:
  Mean: 0.031
  Median: 0.070
  Standard Deviation: 0.141

Quadrant RMSE: 0.440

---------------------------------------------------
Total correlated GCPs in Lower Left Quadrant: 71

GCP statistics this quadrant only (in Pixels)
Line residual statistics:
  Mean: -0.018
  Median: -0.021
  Standard Deviation: 0.178

Sample residual statistics:
  Mean: -0.007
  Median: -0.021
  Standard Deviation: 0.204

Quadrant RMSE: 0.272

---------------------------------------------------
Total correlated GCPs in Lower Right Quadrant: 57

GCP statistics this quadrant only (in Pixels)
Line residual statistics:
  Mean: 0.088
  Median: 0.094
  Standard Deviation: 0.226

Sample residual statistics:
  Mean: 0.032
  Median: 0.017
  Standard Deviation: 0.216

Quadrant RMSE: 0.326

---------------------------------------------------
---------------------------------------------------
Total correlated GCPs in scene: 216

GCP statistics entire scene (in Pixels)
Line residual statistics:
  Mean: -0.022
  Median: -0.010
  Standard Deviation: 0.229

Sample residual statistics:
  Mean: -0.002
  Median: -0.022
  Standard Deviation: 0.223

Scene RMSE: 0.321

