Tue. Sep.  2, 2014             LANDSAT 4                 Time: 06:20
                         Image Assessment System
                           GCP Residual Report
----------------------------------------------------------------------------
WOID: L13360252            Path/Row: 121 / 034

L0R Reference Image: L41XXX1089028020100_HDF.142451111
Acquisition Date: Jan 28, 1989

Band Number:  5

GeoCover date for each WRS-2 path/row used:
Path  Row   Date
120   034   2000-06-12
121   034   2000-05-02
121   035   2000-05-02
122   034   2001-05-28


Point_ID      Latitude  Longitude    Height       Across    Along    Residual  Residual
                                                   Scan      Scan      In y      in x
                                                 Residual  Residual    dir       dir
                (deg)     (deg)     (meters)     (meters)  (meters)  (meters)  (meters)

1200340003   37.323624  119.887005     1.850       2.117     2.752     1.649     3.058
1200340004   37.179532  119.795302     2.081       5.032    -2.803     5.418    -1.959
1200340008   37.364688  119.845346     1.260      -7.984    -7.530    -6.679    -8.719
1200340033   37.061655  119.628929     1.000       1.184    -1.059     1.338    -0.855
1200340056   37.026245  119.824685    37.801       3.498    -5.939     4.407    -5.301
1200340062   37.344069  119.852642    -0.053      -7.606     7.271    -8.675     5.959
1200340123   36.998641  119.533987     3.286      -2.981    -5.008    -2.140    -5.424
1200340249   37.078927  119.461175     1.882      -5.372     1.066    -5.475     0.189
1210340006   37.185016  119.807828     1.962       6.256     6.894     5.072     7.814
1210340009   37.158753  119.775106     1.138      -8.693    -0.716    -8.469    -2.105
1210340010   37.673628  118.771091     0.753      -1.684    -3.403    -1.117    -3.629
1210340016   37.001970  119.532764     1.932      -3.814     1.253    -3.967     0.623
1210340030   37.177283  118.002813     2.098      -5.105    -0.710    -4.924    -1.518
1210340034   37.612143  118.848821     1.644      -1.096    -6.864     0.016    -6.951
1210340039   37.343979  119.852679     0.011      -2.038     2.401    -2.397     2.043
1210340053   36.788510  118.142299    69.576       0.447     1.135     0.259     1.192
1210340059   37.061512  119.629201     1.000      -0.146     0.038    -0.150     0.014
1210340067   37.328854  118.435201     2.331      -0.391    -0.547    -0.298    -0.602
1210340074   37.707769  117.907817     1.943      -5.849     5.411    -6.638     4.408
1210340076   37.596866  117.947588     3.264       0.196    -3.622     0.774    -3.544
1210340085   36.882714  118.214394    53.431       9.103    -6.087     9.963    -4.545
1210340098   37.850400  118.809749     0.606       9.414     1.514     9.053     2.997
1210340101   37.022749  119.281575     2.566      -2.669     7.239    -3.797     6.717
1210340104   37.676222  118.848709     1.985       8.133    -6.797     9.116    -5.411
1210340108   37.723441  118.099658     1.027       2.214     1.594     1.931     1.926
1210340114   37.026677  119.553142     1.000      -6.221    -4.954    -5.347    -5.893
1210340136   37.276154  118.601690    -0.028      -2.543    -0.332    -2.457    -0.736
1210340153   37.273939  118.664238     2.335       2.641     6.524     1.561     6.863
1210340161   37.368627  118.581634     1.662      -0.031     0.758    -0.151     0.743
1210340163   37.841323  118.766571     1.475       5.936    -4.591     6.593    -3.585
1210340174   37.218481  118.685333     0.835      -6.115    -4.068    -5.383    -4.996
1210340190   36.756324  118.250375   118.193      -0.819     0.387    -0.870     0.250
1210340196   37.758042  118.157044     2.258      -6.213     0.867    -6.270    -0.136
1210340198   37.430498  118.021101     5.373      -2.883    -1.871    -2.544    -2.308
1210340209   36.732412  119.118090    26.759       4.460     2.205     4.048     2.895
1210340213   37.184939  117.959991     4.832       0.818     2.821     0.355     2.915
1210340220   37.234494  118.389108     3.801      -3.986     1.533    -4.179     0.875
1210340222   37.209733  118.729424     0.901       8.697     6.662     7.517     7.971
1210340227   37.174457  117.882134     6.258      -3.242     2.951    -3.672     2.394
1210340228   38.076825  118.920314     0.236       8.304    -0.773     8.322     0.560
1210340238   37.594696  118.213978     4.907      -6.270    -1.804    -5.899    -2.782
1210340243   37.274662  118.799593    -2.000       7.515    -1.315     7.630    -0.093
1210340244   37.109816  119.075219    -0.015       1.198    -6.158     2.171    -5.887
1210340245   37.865494  118.277069     0.593      -2.167     2.111    -2.476     1.738
1210340252   37.312904  119.818335    12.857      -5.557     7.275    -6.653     6.291
1210340253   37.176370  118.680342     1.429       6.639     0.203     6.521     1.265
1210340266   37.386331  118.329553     3.238       3.485    -1.315     3.651    -0.740
1210340270   37.199080  118.015271     4.849      -3.706     3.102    -4.155     2.468
1210340300   37.883917  118.774752    -1.000      -4.499    -2.853    -3.986    -3.534
1210340301   37.248088  118.786785    -2.000       8.161    -3.776     8.661    -2.419
1210340306   37.135768  118.964482    -1.000       4.392     3.508     3.773     4.168
1210340311   37.680186  118.802203     2.079       5.261    -1.438     5.424    -0.579
1210340325   37.258968  118.423048     2.685      -8.526     0.742    -8.534    -0.634
1210340331   37.446676  118.462884    -0.125      -2.322     0.763    -2.414     0.381
1210340332   37.560110  118.406679     5.131      -1.134     6.921    -2.226     6.651
1210340339   37.299864  118.142541     3.000       0.508     1.525     0.258     1.586
1210340345   37.744715  118.927359     0.889      -1.835     6.765    -2.892     6.386
1210340347   37.727878  118.349253     4.407      -4.551    -3.569    -3.921    -4.249
1210340362   37.279616  118.437310     2.225       7.958    -1.381     8.077    -0.088
1210340363   37.696915  118.102669     3.156      -1.646     3.628    -2.204     3.318
1210340368   37.480206  118.086922     6.693       3.408    -0.616     3.463    -0.064
1210340369   37.678052  118.232685     4.262      -1.251     1.053    -1.402     0.839
1210340370   37.436670  118.440987     3.192       5.079     3.154     4.508     3.926
1210340373   37.612855  117.976342     2.686      -1.075    -2.200    -0.708    -2.343
1210340377   37.465362  118.460534     1.462       2.542    -0.503     2.590    -0.090
1210340378   37.252589  118.320095     0.336      -4.939    -1.584    -4.620    -2.354
1210340386   37.364495  118.023932     9.699      -5.009     3.064    -5.434     2.223
1210340391   37.791960  117.963362    -1.647       1.821    -4.423     2.505    -4.076
1210340394   37.208927  118.819328    -2.000       0.790    -5.096     1.598    -4.903
1210340412   36.742948  118.473943    71.340       0.943    -0.204     0.963    -0.050
1210340414   38.097276  118.319411    -2.114      -5.520    -4.540    -4.724    -5.359
1210340444   38.095771  118.038158     0.074      -2.127     5.705    -3.009     5.293
1210340452   38.130952  118.034548    -3.805       5.939    -0.711     5.976     0.242
1210350108   36.788510  118.142299    69.576      -0.190     0.554    -0.276     0.516
1210350397   36.756324  118.250375   118.193      -1.429     0.501    -1.490     0.264
1210350403   36.732412  119.118090    26.759       4.356     1.235     4.101     1.921
1210350419   36.742948  118.473943    71.340       0.850    -0.809     0.969    -0.661
1220340025   37.845959  118.096020     0.302       6.360    -1.128     6.458    -0.100
1220340114   37.723441  118.099658     1.027      -2.315     0.521    -2.367     0.145
1220340134   37.674830  118.230590     3.145       3.175     5.286     2.289     5.725
1220340135   37.786641  118.216771     3.000      -8.201     5.165    -8.920     3.791
1220340139   37.636413  118.004531     2.562       6.712    -6.387     7.648    -5.233
1220340151   37.680829  118.144957     1.052       3.275     2.079     2.900     2.575
1220340203   37.540020  117.955357     4.568      -6.156    -2.979    -5.597    -3.923
1220340327   37.688311  118.097438     2.026      -2.109     1.869    -2.379     1.508
1220340416   37.177283  118.002813     2.098      -6.651    -0.251    -6.523    -1.314
1220340454   37.224396  118.251975     3.543      -0.398    -1.010    -0.230    -1.061
1220340458   37.205485  118.250310     4.628       4.876    -1.384     5.035    -0.585
1220340468   37.209781  118.227392     3.676       3.263    -4.617     3.962    -4.034
