==============================================================================
==============================================================================
Sun. May. 11 2014                  LANDSAT 5                       Time: 13:15
                            Image Assessment System
                            GEOMETRIC VERIFY Report
==============================================================================
Order ID: 0101405103993_00002                          Path / Row - 121 / 34
Reference Image: L51HAJ1092317010100_HDF.L1G

Color mapping per rank
----------------------
Rank  1 is Green: total residual <= 0.5
Rank  2 is Cyan: 0.5 < total residual <=  1
Rank  3 is Blue:  1 < total residual <=  2
Rank  4 is Yellow:  2 < total residual <=  3
Rank  5 is Red:  3 < total residual

Percentage of residuals by rank
-------------------------------
Rank   1 -- 100.0%
Rank   2 --  0.0%
Rank   3 --  0.0%
Rank   4 --  0.0%
Rank   5 --  0.0%

       GCP    Latitude    Longitude  Sample   Line     Total    Rank
        ID                           Residual Residual Residual
              (Degree)    (Degree)   (Pixel)  (Pixel)  (Pixel)
----------------------------------------------------------------------
1210340998   38.10467    118.33494    -0.01      0.09     0.09     1 
1210341007   38.10064    118.65203    -0.11      0.12     0.17     1 
1210341011   38.09857    118.79293    -0.17     -0.11     0.20     1 
1210341070   38.08068    118.22881     0.23      0.03     0.23     1 
1210341075   38.07871    118.40493    -0.41     -0.05     0.41     1 
1210341082   38.07550    118.65146    -0.22     -0.16     0.27     1 
1210341083   38.07500    118.68668    -0.37     -0.06     0.38     1 
1210341090   38.07121    118.93316    -0.04      0.14     0.15     1 
1210341156   38.05086    118.61569     0.08     -0.13     0.16     1 
1210341157   38.05037    118.65090    -0.10     -0.07     0.12     1 
1210341158   38.04987    118.68610    -0.08      0.13     0.16     1 
1210341162   38.04776    118.82691    -0.00      0.18     0.18     1 
1210341214   38.03242    118.01675     0.00      0.03     0.03     1 
1210341220   38.03040    118.22797     0.02      0.20     0.20     1 
1210341233   38.02473    118.68552    -0.32     -0.08     0.33     1 
1210341234   38.02422    118.72071    -0.02     -0.02     0.02     1 
1210341239   38.02152    118.89665    -0.07     -0.02     0.07     1 
1210341289   38.00728    118.01641     0.05      0.15     0.16     1 
1210341294   38.00563    118.19236     0.00     -0.14     0.14     1 
1210341303   38.00199    118.50904     0.12     -0.14     0.18     1 
1210341307   38.00010    118.64977    -0.06     -0.25     0.26     1 
1210341316   37.99523    118.96635    -0.19      0.16     0.24     1 
1210341376   37.97773    118.43818     0.01     -0.13     0.13     1 
1210341382   37.97496    118.64921    -0.15     -0.08     0.17     1 
1210341383   37.97446    118.68437     0.18      0.10     0.21     1 
1210341438   37.95729    117.98054    -0.02      0.33     0.33     1 
1210341444   37.95535    118.19155    -0.05     -0.05     0.07     1 
1210341457   37.94983    118.64864    -0.07     -0.03     0.08     1 
1210341459   37.94882    118.71895    -0.14     -0.01     0.14     1 
1210341462   37.94723    118.82441     0.16      0.18     0.24     1 
1210341463   37.94668    118.85957    -0.01     -0.11     0.11     1 
1210341467   37.94437    119.00016    -0.14      0.09     0.16     1 
1210341520   37.92984    118.22630    -0.05      0.01     0.05     1 
1210341532   37.92469    118.64808    -0.17     -0.09     0.19     1 
1210341543   37.91864    119.03461    -0.10     -0.18     0.21     1 
1210341589   37.90671    118.01502    -0.04     -0.09     0.10     1 
1210341591   37.90608    118.08531     0.18     -0.01     0.18     1 
1210341595   37.90470    118.22588     0.14      0.05     0.15     1 
1210341604   37.90098    118.54212     0.16     -0.09     0.18     1 
1210341608   37.89906    118.68265    -0.00     -0.05     0.05     1 
1210341616   37.89470    118.96367    -0.12      0.05     0.13     1 
1210341664   37.88157    118.01467     0.00      0.11     0.11     1 
1210341665   37.88126    118.04981     0.02     -0.27     0.27     1 
1210341670   37.87956    118.22546     0.13      0.02     0.13     1 
1210341679   37.87585    118.54160    -0.16     -0.20     0.26     1 
1210341680   37.87538    118.57672     0.04      0.25     0.25     1 
1210341682   37.87442    118.64696    -0.03      0.04     0.05     1 
1210341686   37.87237    118.78744    -0.03      0.05     0.06     1 
1210341692   37.86898    118.99812    -0.09      0.04     0.10     1 
1210341738   37.85672    117.97921    -0.12     -0.12     0.17     1 
1210341739   37.85643    118.01433     0.22     -0.11     0.24     1 
1210341741   37.85580    118.08457    -0.02     -0.07     0.07     1 
1210341742   37.85547    118.11969    -0.02      0.35     0.35     1 
1210341743   37.85513    118.15481     0.01     -0.07     0.07     1 
1210341755   37.85024    118.57618    -0.08     -0.15     0.17     1 
1210341761   37.84723    118.78683     0.01      0.13     0.13     1 
1210341767   37.84385    118.99744    -0.40      0.11     0.42     1 
1210341769   37.84264    119.06764    -0.02     -0.28     0.28     1 
1210341812   37.83187    117.94377     0.10     -0.40     0.41     1 
1210341813   37.83158    117.97888     0.04     -0.10     0.11     1 
1210341814   37.83128    118.01399    -0.13     -0.06     0.15     1 
1210341816   37.83066    118.08420     0.08     -0.06     0.10     1 
1210341817   37.83033    118.11931     0.39     -0.10     0.40     1 
1210341818   37.82999    118.15442    -0.07     -0.08     0.11     1 
1210341819   37.82964    118.18952     0.15      0.04     0.16     1 
1210341828   37.82603    118.50545    -0.00     -0.20     0.20     1 
1210341830   37.82511    118.57565    -0.08     -0.15     0.17     1 
1210341834   37.82314    118.71603    -0.22     -0.04     0.22     1 
1210341836   37.82210    118.78622    -0.05      0.01     0.05     1 
1210341837   37.82156    118.82131     0.13     -0.01     0.13     1 
1210341886   37.80700    117.90835    -0.02      0.02     0.02     1 
1210341888   37.80644    117.97854    -0.32     -0.18     0.36     1 
1210341889   37.80614    118.01364    -0.19     -0.12     0.22     1 
1210341892   37.80519    118.11893    -0.08     -0.09     0.12     1 
1210341893   37.80485    118.15403    -0.14     -0.07     0.15     1 
1210341913   37.79588    118.85578    -0.07     -0.02     0.07     1 
1210341961   37.78186    117.90804     0.05     -0.06     0.08     1 
1210341967   37.78004    118.11855    -0.19      0.25     0.31     1 
1210341979   37.77530    118.53951    -0.12     -0.09     0.15     1 
1210341989   37.77019    118.89021    -0.03      0.38     0.38     1 
1210342036   37.75671    117.90773     0.10     -0.04     0.11     1 
1210342045   37.75386    118.22338     0.26     -0.12     0.29     1 
1210342063   37.74561    118.85452     0.01      0.21     0.21     1 
1210342065   37.74449    118.92463     0.07      0.06     0.10     1 
1210342117   37.72976    118.11780     0.10      0.07     0.13     1 
1210342138   37.72048    118.85389    -0.22     -0.21     0.30     1 
1210342143   37.71759    119.02910     0.13     -0.09     0.15     1 
1210342185   37.70669    117.87207     0.03     -0.09     0.10     1 
1210342186   37.70642    117.90712     0.06      0.05     0.08     1 
1210342192   37.70462    118.11742    -0.07      0.05     0.09     1 
1210342197   37.70283    118.29265    -0.04     -0.03     0.05     1 
1210342213   37.69535    118.85327    -0.31     -0.19     0.36     1 
1210342261   37.68128    117.90681     0.18     -0.03     0.18     1 
1210342265   37.68012    118.04697    -0.28      0.08     0.29     1 
1210342266   37.67980    118.08200     0.04     -0.20     0.20     1 
1210342268   37.67914    118.15207     0.00      0.02     0.02     1 
1210342289   37.66966    118.88766    -0.16     -0.24     0.28     1 
1210342291   37.66851    118.95770     0.14     -0.34     0.36     1 
1210342343   37.65400    118.15169    -0.00      0.00     0.00     1 
1210342349   37.65176    118.36182     0.10      0.13     0.16     1 
1210342364   37.64452    118.88702    -0.02     -0.04     0.04     1 
1210342414   37.63014    118.01125    -0.10     -0.05     0.11     1 
1210342416   37.62952    118.08127    -0.06      0.01     0.06     1 
1210342491   37.60437    118.08091     0.06      0.16     0.17     1 
1210342515   37.59369    118.92074     0.01      0.08     0.09     1 
1210342565   37.57954    118.04556     0.22     -0.06     0.23     1 
1210342574   37.57634    118.36044    -0.18      0.03     0.18     1 
1210342578   37.57464    118.50037     0.04     -0.01     0.04     1 
1210342648   37.55159    118.32501     0.35     -0.05     0.36     1 
1210342649   37.55119    118.35998     0.13      0.02     0.13     1 
1210342650   37.55079    118.39496     0.05      0.05     0.08     1 
1210342653   37.54950    118.49987    -0.08     -0.10     0.13     1 
1210342654   37.54905    118.53484     0.02      0.07     0.07     1 
1210342665   37.54342    118.91945    -0.02      0.00     0.02     1 
1210342716   37.52894    118.07982     0.18     -0.06     0.19     1 
1210342723   37.52645    118.32457    -0.12     -0.11     0.16     1 
1210342724   37.52605    118.35953    -0.02      0.29     0.29     1 
1210342731   37.52298    118.60424     0.05      0.17     0.18     1 
1210342734   37.52151    118.70910     0.16      0.14     0.21     1 
1210342784   37.50578    117.83477     0.07     -0.13     0.15     1 
1210342791   37.50380    118.07946     0.28      0.03     0.29     1 
1210342796   37.50207    118.25422    -0.10     -0.01     0.10     1 
1210342800   37.50050    118.39402     0.10      0.07     0.12     1 
1210342805   37.49831    118.56875     0.21      0.14     0.25     1 
1210342806   37.49784    118.60370     0.19      0.15     0.25     1 
1210342809   37.49637    118.70853     0.29     -0.11     0.31     1 
1210342812   37.49481    118.81335     0.11      0.04     0.11     1 
1210342859   37.48064    117.83449     0.08     -0.12     0.14     1 
1210342863   37.47957    117.97427     0.00     -0.15     0.15     1 
1210342866   37.47866    118.07910    -0.07     -0.03     0.08     1 
1210342870   37.47730    118.21886     0.02     -0.10     0.10     1 
1210342878   37.47408    118.49836    -0.04     -0.09     0.10     1 
1210342880   37.47317    118.56823    -0.15      0.01     0.15     1 
1210342881   37.47271    118.60316     0.22     -0.04     0.22     1 
1210342882   37.47223    118.63809    -0.05     -0.11     0.12     1 
1210342883   37.47174    118.67302     0.19      0.10     0.22     1 
1210342884   37.47124    118.70795     0.12     -0.16     0.20     1 
1210342885   37.47073    118.74288     0.02     -0.23     0.23     1 
1210342934   37.45549    117.83421     0.06     -0.18     0.19     1 
1210342940   37.45383    118.04380     0.11     -0.03     0.11     1 
1210342941   37.45351    118.07873     0.14      0.08     0.17     1 
1210342952   37.44938    118.46294     0.02     -0.08     0.08     1 
1210342957   37.44709    118.63755     0.15     -0.05     0.16     1 
1210342960   37.44559    118.74230    -0.13      0.27     0.30     1 
1210343008   37.43059    117.79900     0.13     -0.32     0.35     1 
1210343015   37.42868    118.04345     0.02     -0.09     0.09     1 
1210343023   37.42589    118.32279     0.12      0.06     0.13     1 
1210343027   37.42424    118.46245    -0.01     -0.06     0.06     1 
1210343029   37.42335    118.53227    -0.04      0.16     0.16     1 
1210343033   37.42146    118.67190    -0.30     -0.29     0.41     1 
1210343092   37.40290    118.11292     0.04      0.05     0.06     1 
1210343099   37.40035    118.35725    -0.06     -0.02     0.06     1 
1210343105   37.39776    118.56666     0.05      0.10     0.11     1 
1210343113   37.39373    118.84581     0.01      0.02     0.02     1 
1210343142   37.37361    119.85719    -0.17      0.19     0.26     1 
1210343171   37.37636    118.25213     0.03      0.11     0.12     1 
1210343173   37.37560    118.32191     0.01     -0.06     0.06     1 
1210343174   37.37521    118.35680    -0.03      0.03     0.04     1 
1210343179   37.37308    118.53125    -0.06     -0.03     0.07     1 
1210343180   37.37262    118.56613     0.01      0.02     0.02     1 
1210343182   37.37167    118.63590     0.11      0.10     0.15     1 
1210343186   37.36966    118.77544     0.22     -0.26     0.34     1 
1210343189   37.36804    118.88008    -0.13      0.00     0.13     1 
1210343217   37.34849    119.85624     0.08      0.05     0.10     1 
1210343243   37.35228    118.14706    -0.07      0.03     0.08     1 
1210343245   37.35158    118.21683     0.07     -0.02     0.07     1 
1210343249   37.35006    118.35635     0.03      0.03     0.04     1 
1210343250   37.34966    118.39123    -0.01      0.06     0.06     1 
1210343252   37.34882    118.46098    -0.03      0.00     0.03     1 
1210343253   37.34838    118.49586     0.06      0.08     0.10     1 
1210343256   37.34701    118.60049     0.10      0.22     0.24     1 
1210343261   37.34452    118.77484     0.06     -0.08     0.10     1 
1210343262   37.34400    118.80971    -0.00      0.00     0.00     1 
1210343263   37.34346    118.84458     0.04      0.09     0.10     1 
1210343264   37.34291    118.87945     0.19      0.38     0.43     1 
1210343320   37.32644    118.21642     0.37     -0.26     0.45     1 
1210343321   37.32608    118.25129     0.15     -0.29     0.32     1 
1210343326   37.32410    118.42563    -0.07      0.03     0.07     1 
1210343334   37.32041    118.70454     0.06      0.21     0.22     1 
1210343335   37.31990    118.73939     0.11      0.07     0.13     1 
1210343336   37.31939    118.77425     0.14      0.05     0.15     1 
1210343388   37.30355    117.97199     0.33      0.10     0.35     1 
1210343393   37.30199    118.14630     0.10     -0.03     0.10     1 
1210343396   37.30093    118.25087     0.14     -0.07     0.15     1 
1210343402   37.29854    118.46001     0.31     -0.13     0.34     1 
1210343408   37.29577    118.66912     0.06      0.02     0.06     1 
1210343410   37.29477    118.73882     0.03      0.10     0.10     1 
1210343411   37.29425    118.77366     0.02     -0.07     0.07     1 
1210343415   37.29208    118.91304     0.04      0.01     0.04     1 
1210343460   37.27922    117.86711     0.13      0.41     0.43     1 
1210343475   37.27423    118.38984     0.02      0.06     0.06     1 
1210343480   37.27206    118.56405     0.27      0.05     0.28     1 
1210343481   37.27159    118.59889     0.13     -0.28     0.31     1 
1210343482   37.27112    118.63372     0.38      0.12     0.40     1 
1210343483   37.27063    118.66856     0.09      0.04     0.10     1 
1210343485   37.26963    118.73824     0.06     -0.26     0.27     1 
1210343486   37.26911    118.77307    -0.06     -0.10     0.12     1 
1210343487   37.26859    118.80791    -0.05     -0.07     0.08     1 
1210343488   37.26805    118.84274     0.18     -0.04     0.18     1 
1210343489   37.26750    118.87757     0.18     -0.01     0.18     1 
1210343491   37.26638    118.94724    -0.08     -0.01     0.08     1 
1210343534   37.25432    117.83198     0.06     -0.07     0.10     1 
1210343535   37.25407    117.86682     0.03     -0.12     0.12     1 
1210343547   37.25027    118.28488    -0.05     -0.05     0.07     1 
1210343548   37.24989    118.31971     0.13     -0.10     0.16     1 
1210343550   37.24909    118.38938    -0.15      0.21     0.26     1 
1210343558   37.24549    118.66801    -0.02     -0.10     0.10     1 
1210343559   37.24500    118.70283     0.39     -0.06     0.39     1 
1210343561   37.24398    118.77248    -0.04     -0.01     0.04     1 
1210343562   37.24345    118.80731     0.02     -0.03     0.04     1 
1210343563   37.24291    118.84213     0.05     -0.06     0.08     1 
1210343564   37.24237    118.87695    -0.08     -0.00     0.08     1 
1210343565   37.24181    118.91177     0.04     -0.04     0.06     1 
1210343616   37.22721    118.07550     0.15     -0.08     0.17     1 
1210343618   37.22656    118.14515     0.12     -0.00     0.12     1 
1210343619   37.22622    118.17998     0.11     -0.00     0.11     1 
1210343620   37.22586    118.21480    -0.06      0.04     0.08     1 
1210343621   37.22550    118.24963     0.11     -0.04     0.12     1 
1210343622   37.22513    118.28445    -0.03     -0.09     0.09     1 
1210343623   37.22475    118.31927     0.08     -0.08     0.11     1 
1210343624   37.22435    118.35409     0.10     -0.12     0.15     1 
1210343631   37.22132    118.59782     0.10     -0.10     0.14     1 
1210343632   37.22084    118.63264    -0.15      0.01     0.15     1 
1210343633   37.22036    118.66746    -0.22     -0.34     0.40     1 
1210343634   37.21986    118.70227    -0.22     -0.13     0.25     1 
1210343635   37.21936    118.73708     0.18     -0.07     0.20     1 
1210343636   37.21884    118.77189     0.08     -0.03     0.09     1 
1210343637   37.21831    118.80671    -0.10     -0.08     0.13     1 
1210343638   37.21778    118.84152    -0.01     -0.05     0.06     1 
1210343639   37.21723    118.87633    -0.03     -0.02     0.04     1 
1210343640   37.21667    118.91113     0.20     -0.20     0.28     1 
1210343686   37.20352    117.90107     0.12     -0.06     0.13     1 
1210343689   37.20268    118.00552     0.07     -0.15     0.16     1 
1210343694   37.20107    118.17959     0.10      0.12     0.16     1 
1210343695   37.20072    118.21440     0.01      0.01     0.02     1 
1210343696   37.20036    118.24921     0.02     -0.09     0.10     1 
1210343697   37.19999    118.28402     0.00     -0.10     0.10     1 
1210343698   37.19960    118.31883     0.01     -0.03     0.03     1 
1210343709   37.19472    118.70170    -0.00      0.00     0.00     1 
1210343713   37.19264    118.84091     0.12      0.04     0.13     1 
1210343714   37.19210    118.87570    -0.06     -0.02     0.07     1 
1210343740   37.17432    119.78007    -0.07     -0.03     0.07     1 
1210343761   37.17837    117.90077    -0.00      0.01     0.01     1 
1210343762   37.17810    117.93557     0.10      0.17     0.20     1 
1210343769   37.17593    118.17920    -0.05     -0.08     0.10     1 
1210343772   37.17484    118.28360    -0.01      0.27     0.27     1 
1210343773   37.17446    118.31840     0.15      0.20     0.25     1 
1210343774   37.17407    118.35319     0.13      0.04     0.14     1 
1210343775   37.17367    118.38799     0.07     -0.11     0.13     1 
1210343783   37.17008    118.66635    -0.09     -0.07     0.12     1 
1210343785   37.16908    118.73593     0.42      0.09     0.43     1 
1210343787   37.16804    118.80551    -0.04     -0.24     0.24     1 
1210343789   37.16696    118.87508    -0.01      0.01     0.02     1 
1210343790   37.16640    118.90987     0.04     -0.10     0.11     1 
1210343791   37.16584    118.94465     0.08     -0.11     0.14     1 
1210343792   37.16526    118.97943     0.35      0.02     0.35     1 
1210343796   37.16285    119.11856     0.17      0.16     0.23     1 
1210343816   37.14838    119.81390     0.02      0.06     0.06     1 
1210343836   37.15323    117.90047     0.04      0.09     0.09     1 
1210343837   37.15296    117.93526     0.03     -0.03     0.04     1 
1210343847   37.14970    118.28317     0.13      0.11     0.17     1 
1210343859   37.14445    118.70058     0.21      0.19     0.29     1 
1210343861   37.14343    118.77013    -0.19     -0.06     0.20     1 
1210343864   37.14182    118.87446    -0.15     -0.09     0.17     1 
1210343865   37.14127    118.90923     0.02     -0.12     0.12     1 
1210343883   37.12953    119.53499    -0.03     -0.25     0.25     1 
1210343909   37.12859    117.83061    -0.42     -0.07     0.43     1 
1210343910   37.12834    117.86539    -0.09      0.23     0.25     1 
1210343934   37.11931    118.70001    -0.06      0.05     0.08     1 
1210343936   37.11829    118.76955    -0.08     -0.10     0.13     1 
1210343937   37.11776    118.80431     0.07     -0.03     0.08     1 
1210343939   37.11669    118.87384     0.39     -0.09     0.40     1 
1210343944   37.11381    119.04764     0.20      0.10     0.22     1 
1210343948   37.11133    119.18667    -0.13     -0.04     0.14     1 
1210343962   37.10135    119.67311     0.06     -0.04     0.07     1 
1210343996   37.09978    118.24756    -0.06      0.23     0.23     1 
1210344010   37.09367    118.73421    -0.05      0.17     0.17     1 
1210344012   37.09263    118.80372    -0.02     -0.19     0.19     1 
1210344013   37.09209    118.83847     0.06      0.08     0.10     1 
1210344014   37.09155    118.87322    -0.22     -0.03     0.22     1 
1210344017   37.08986    118.97747    -0.15      0.00     0.15     1 
1210344020   37.08807    119.08171    -0.05      0.00     0.05     1 
1210344031   37.08075    119.46385    -0.10     -0.07     0.13     1 
1210344033   37.07928    119.53331     0.01      0.20     0.20     1 
1210344036   37.07701    119.63750    -0.25     -0.07     0.27     1 
1210344037   37.07623    119.67222    -0.04     -0.15     0.15     1 
1210344083   37.06952    118.66415    -0.12     -0.05     0.13     1 
1210344087   37.06749    118.80312     0.17     -0.07     0.19     1 
1210344091   37.06530    118.94208    -0.03     -0.04     0.05     1 
1210344092   37.06472    118.97682     0.01     -0.05     0.06     1 
1210344093   37.06414    119.01156     0.11     -0.12     0.16     1 
1210344094   37.06354    119.04629    -0.01     -0.00     0.01     1 
1210344095   37.06294    119.08103     0.09      0.04     0.10     1 
1210344096   37.06232    119.11576    -0.07      0.03     0.08     1 
1210344097   37.06170    119.15049    -0.01      0.02     0.02     1 
1210344099   37.06042    119.21995    -0.13     -0.01     0.13     1 
1210344106   37.05562    119.46303     0.05      0.11     0.12     1 
1210344108   37.05416    119.53248    -0.02      0.08     0.09     1 
1210344111   37.05188    119.63663    -0.11     -0.16     0.19     1 
1210344158   37.04438    118.66360    -0.28      0.06     0.29     1 
1210344159   37.04389    118.69833     0.07     -0.01     0.07     1 
1210344169   37.03841    119.04562    -0.02     -0.11     0.12     1 
1210344170   37.03780    119.08034     0.03     -0.04     0.05     1 
1210344171   37.03719    119.11506     0.08     -0.04     0.08     1 
1210344172   37.03657    119.14978     0.05      0.05     0.08     1 
1210344174   37.03529    119.21922     0.20     -0.01     0.20     1 
1210344175   37.03463    119.25394    -0.11      0.14     0.18     1 
1210344176   37.03397    119.28866    -0.29      0.06     0.29     1 
1210344179   37.03191    119.39280    -0.08     -0.09     0.12     1 
1210344180   37.03121    119.42751     0.04      0.00     0.04     1 
1210344181   37.03049    119.46222     0.15     -0.08     0.16     1 
1210344182   37.02977    119.49693    -0.01     -0.12     0.12     1 
1210344183   37.02903    119.53164     0.24     -0.03     0.24     1 
1210344185   37.02753    119.60105    -0.15      0.10     0.19     1 
1210344245   37.01267    119.07965    -0.18      0.16     0.24     1 
1210344246   37.01206    119.11437    -0.05      0.01     0.05     1 
1210344247   37.01143    119.14907     0.01      0.12     0.12     1 
1210344248   37.01080    119.18378    -0.13     -0.17     0.22     1 
1210344249   37.01016    119.21849    -0.02      0.04     0.04     1 
1210344250   37.00950    119.25320     0.12     -0.03     0.12     1 
1210344252   37.00816    119.32261    -0.02     -0.03     0.04     1 
1210344253   37.00748    119.35731     0.07      0.05     0.09     1 
1210344255   37.00608    119.42671    -0.14      0.09     0.17     1 
1210344257   37.00464    119.49611    -0.00      0.05     0.05     1 
1210344260   37.00240    119.60020    -0.10     -0.02     0.10     1 
1210344261   37.00164    119.63489     0.02     -0.02     0.03     1 
1210344262   37.00086    119.66958    -0.12      0.01     0.12     1 
1210344282   37.00332    117.75978    -0.06      0.17     0.18     1 
1210344322   36.98630    119.14837     0.40      0.09     0.41     1 
1210344323   36.98567    119.18306     0.18      0.05     0.19     1 
1210344326   36.98371    119.28715     0.14      0.05     0.15     1 
1210344329   36.98166    119.39122     0.05      0.08     0.09     1 
1210344330   36.98095    119.42591    -0.23     -0.20     0.30     1 
1210344335   36.97728    119.59934     0.00      0.04     0.04     1 
1210344364   36.97637    118.00253     0.03     -0.20     0.20     1 
1210344394   36.96301    119.04360     0.19     -0.09     0.21     1 
1210344395   36.96240    119.07828     0.04      0.01     0.04     1 
1210344401   36.95858    119.28640     0.05      0.02     0.05     1 
1210344402   36.95790    119.32108    -0.03      0.07     0.07     1 
1210344407   36.95439    119.49447     0.04      0.09     0.10     1 
1210344408   36.95365    119.52914     0.04      0.06     0.07     1 
1210344469   36.93787    119.04292     0.19     -0.09     0.21     1 
1210344470   36.93727    119.07760     0.12     -0.05     0.13     1 
1210344473   36.93541    119.18163     0.01     -0.00     0.01     1 
1210344485   36.92703    119.59763     0.05      0.18     0.19     1 
1210344525   36.92224    118.38342     0.04      0.10     0.11     1 
1210344543   36.91333    119.00759     0.17      0.12     0.21     1 
1210344544   36.91274    119.04225    -0.03      0.01     0.03     1 
1210344548   36.91027    119.18091     0.04     -0.15     0.15     1 
1210344549   36.90963    119.21558    -0.09     -0.06     0.11     1 
1210344550   36.90898    119.25024    -0.06     -0.10     0.12     1 
1210344551   36.90832    119.28490     0.14      0.01     0.14     1 
1210344552   36.90765    119.31955     0.07     -0.13     0.14     1 
1210344560   36.90191    119.59678     0.13      0.10     0.17     1 
1210344619   36.88760    119.04158     0.14      0.03     0.14     1 
1210344620   36.88700    119.07624    -0.03     -0.01     0.03     1 
1210344625   36.88385    119.24950     0.01     -0.02     0.02     1 
1210344635   36.87678    119.59593     0.21      0.08     0.23     1 
1210344670   36.87384    118.20920    -0.38     -0.17     0.42     1 
1210344685   36.86742    118.72908    -0.07     -0.15     0.17     1 
1210344704   36.85601    119.38730    -0.26     -0.10     0.28     1 
1210344709   36.85241    119.56045     0.06      0.04     0.07     1 
1210344710   36.85166    119.59508     0.10     -0.07     0.12     1 
1210344712   36.85012    119.66433    -0.13      0.23     0.27     1 
1210344729   36.85304    117.65431     0.05     -0.27     0.28     1 
1210344730   36.85285    117.68897    -0.08     -0.20     0.22     1 
1210344743   36.84938    118.13950     0.11     -0.03     0.11     1 
1210344744   36.84904    118.17416     0.03      0.13     0.13     1 
1210344767   36.83850    118.97098     0.23     -0.16     0.28     1 
1210344787   36.82500    119.66345     0.08     -0.10     0.13     1 
1210344805   36.82770    117.68874    -0.18     -0.04     0.19     1 
1210344817   36.82456    118.10449     0.26     -0.16     0.31     1 
1210344843   36.81279    119.00496     0.00     -0.06     0.06     1 
1210344859   36.80216    119.55878     0.13      0.06     0.14     1 
1210344861   36.80065    119.62798     0.21     -0.01     0.21     1 
1210344862   36.79988    119.66258     0.13     -0.15     0.20     1 
1210344890   36.80004    118.03486    -0.20     -0.23     0.30     1 
1210344892   36.79942    118.10413    -0.20     -0.18     0.27     1 
1210344893   36.79909    118.13876    -0.29     -0.15     0.33     1 
1210344899   36.79692    118.34653     0.07      0.01     0.07     1 
1210344933   36.77777    119.52335     0.16     -0.04     0.17     1 
1210344936   36.77552    119.62712    -0.16      0.19     0.25     1 
1210344968   36.77394    118.13838     0.15     -0.27     0.31     1 
1210344969   36.77361    118.17300    -0.25     -0.31     0.40     1 
1210344970   36.77326    118.20762    -0.19      0.09     0.21     1 
1210344974   36.77177    118.34609     0.22      0.01     0.22     1 
1210345008   36.75264    119.52252     0.10      0.08     0.13     1 
1210345011   36.75040    119.62627    -0.13      0.12     0.18     1 
1210345049   36.74663    118.34565     0.21      0.04     0.21     1 
1210345050   36.74623    118.38026     0.02     -0.01     0.03     1 
1210345083   36.72751    119.52170     0.09      0.07     0.11     1 
1210345087   36.72450    119.65998     0.08      0.12     0.14     1 
1210345133   36.71756    118.65652    -0.09     -0.15     0.18     1 
1210345145   36.71106    119.07149    -0.03      0.00     0.03     1 
1210345160   36.70090    119.59000     0.07     -0.03     0.08     1 
1210345214   36.68935    118.86342    -0.29      0.02     0.29     1 
1210345215   36.68881    118.89799    -0.04     -0.07     0.08     1 
1210345291   36.66311    118.93193     0.00      0.08     0.08     1 
1210345295   36.66079    119.07014     0.09      0.25     0.27     1 
1210345369   36.63625    119.03493    -0.04     -0.36     0.36     1 
1210345372   36.63443    119.13855     0.19     -0.04     0.20     1 
1210345452   36.60608    119.31049     0.06      0.08     0.10     1 
1210345460   36.60040    119.58663    -0.04     -0.10     0.11     1 
1210345531   36.57819    119.44777     0.09      0.35     0.36     1 
----------------------------------------------------------------------
---------------------------------------------------
Total correlated GCPs in Upper Left Quadrant: 96

GCP statistics this quadrant only (in Pixels)
Line residual statistics:
  Mean: -0.023
  Median: -0.017
  Standard Deviation: 0.139

Sample residual statistics:
  Mean: -0.019
  Median: -0.035
  Standard Deviation: 0.128

Quadrant RMSE: 0.191

---------------------------------------------------
Total correlated GCPs in Upper Right Quadrant: 17

GCP statistics this quadrant only (in Pixels)
Line residual statistics:
  Mean: -0.061
  Median: -0.034
  Standard Deviation: 0.131

Sample residual statistics:
  Mean: 0.004
  Median: 0.050
  Standard Deviation: 0.178

Quadrant RMSE: 0.229

---------------------------------------------------
Total correlated GCPs in Lower Left Quadrant: 134

GCP statistics this quadrant only (in Pixels)
Line residual statistics:
  Mean: 0.038
  Median: 0.038
  Standard Deviation: 0.146

Sample residual statistics:
  Mean: -0.018
  Median: -0.026
  Standard Deviation: 0.136

Quadrant RMSE: 0.204

---------------------------------------------------
Total correlated GCPs in Lower Right Quadrant: 156

GCP statistics this quadrant only (in Pixels)
Line residual statistics:
  Mean: 0.025
  Median: 0.020
  Standard Deviation: 0.128

Sample residual statistics:
  Mean: -0.009
  Median: -0.009
  Standard Deviation: 0.109

Quadrant RMSE: 0.170

---------------------------------------------------
---------------------------------------------------
Total correlated GCPs in scene: 404

GCP statistics entire scene (in Pixels)
Line residual statistics:
  Mean: 0.014
  Median: 0.015
  Standard Deviation: 0.139

Sample residual statistics:
  Mean: -0.014
  Median: -0.017
  Standard Deviation: 0.126

Scene RMSE: 0.189

