==============================================================================
==============================================================================
Tue. Sep. 2 2014                  LANDSAT 5                       Time: 11:43
                            Image Assessment System
                            GEOMETRIC VERIFY Report
==============================================================================
Order ID: 0101409017506_00100                          Path / Row - 121 / 34
Reference Image: L51CLT1095357010100_HDF.L1G

Color mapping per rank
----------------------
Rank  1 is Green: total residual <= 0.5
Rank  2 is Cyan: 0.5 < total residual <=  1
Rank  3 is Blue:  1 < total residual <=  2
Rank  4 is Yellow:  2 < total residual <=  3
Rank  5 is Red:  3 < total residual

Percentage of residuals by rank
-------------------------------
Rank   1 -- 100.0%
Rank   2 --  0.0%
Rank   3 --  0.0%
Rank   4 --  0.0%
Rank   5 --  0.0%

       GCP    Latitude    Longitude  Sample   Line     Total    Rank
        ID                           Residual Residual Residual
              (Degree)    (Degree)   (Pixel)  (Pixel)  (Pixel)
----------------------------------------------------------------------
1210340783   38.13452    118.87972    -0.27      0.31     0.41     1 
1210340839   38.11792    118.20959    -0.14      0.09     0.17     1 
1210340851   38.11281    118.63245    -0.24      0.12     0.27     1 
1210340858   38.10912    118.87907    -0.01     -0.05     0.05     1 
1210340861   38.10738    118.98475    -0.02     -0.11     0.11     1 
1210340915   38.09215    118.24440    -0.00      0.14     0.14     1 
1210340916   38.09177    118.27963     0.04      0.03     0.05     1 
1210340917   38.09138    118.31486     0.04      0.00     0.04     1 
1210340919   38.09057    118.38531     0.12     -0.15     0.19     1 
1210340926   38.08740    118.63189    -0.31      0.08     0.32     1 
1210340930   38.08536    118.77277    -0.11      0.15     0.19     1 
1210340992   38.06597    118.31440     0.04     -0.05     0.07     1 
1210340997   38.06387    118.49048     0.17      0.06     0.18     1 
1210341000   38.06248    118.59611     0.07      0.30     0.30     1 
1210341001   38.06200    118.63133     0.25     -0.13     0.28     1 
1210341007   38.05888    118.84257     0.12     -0.04     0.12     1 
1210341064   38.04169    118.20833    -0.21     -0.23     0.31     1 
1210341073   38.03801    118.52516     0.02     -0.13     0.13     1 
1210341074   38.03755    118.56036     0.22     -0.02     0.22     1 
1210341076   38.03659    118.63076    -0.10     -0.11     0.15     1 
1210341077   38.03610    118.66596     0.02     -0.05     0.05     1 
1210341084   38.03235    118.91232     0.02     -0.00     0.02     1 
1210341085   38.03177    118.94751     0.24      0.01     0.24     1 
1210341147   38.01305    118.48945     0.18     -0.15     0.23     1 
1210341155   38.00915    118.77093    -0.01     -0.00     0.01     1 
1210341160   38.00637    118.94683     0.07     -0.10     0.12     1 
1210341214   37.99087    118.20750    -0.05     -0.04     0.07     1 
1210341229   37.98427    118.73515     0.03     -0.02     0.03     1 
1210341289   37.96546    118.20708     0.21     -0.18     0.27     1 
1210341300   37.96086    118.59391    -0.12      0.04     0.12     1 
1210341302   37.95988    118.66424    -0.04     -0.12     0.13     1 
1210341312   37.95438    119.01579    -0.12      0.04     0.13     1 
1210341364   37.94005    118.20666    -0.08     -0.34     0.35     1 
1210341370   37.93770    118.41760     0.15     -0.23     0.28     1 
1210341371   37.93727    118.45276    -0.14     -0.09     0.17     1 
1210341377   37.93447    118.66366    -0.08     -0.13     0.15     1 
1210341378   37.93397    118.69881    -0.13     -0.14     0.19     1 
1210341382   37.93186    118.83939    -0.27      0.03     0.27     1 
1210341383   37.93130    118.87454    -0.03     -0.02     0.03     1 
1210341385   37.93016    118.94482    -0.16     -0.24     0.28     1 
1210341386   37.92958    118.97996    -0.15     -0.15     0.21     1 
1210341387   37.92898    119.01510    -0.10     -0.09     0.13     1 
1210341440   37.91427    118.24139    -0.05     -0.06     0.08     1 
1210341441   37.91390    118.27654     0.10     -0.02     0.10     1 
1210341450   37.91004    118.59282    -0.21     -0.02     0.21     1 
1210341452   37.90907    118.66309     0.02      0.01     0.02     1 
1210341457   37.90646    118.83876    -0.35     -0.17     0.39     1 
1210341458   37.90590    118.87389    -0.14      0.00     0.14     1 
1210341459   37.90534    118.90902    -0.28     -0.08     0.29     1 
1210341460   37.90476    118.94415    -0.02      0.10     0.10     1 
1210341461   37.90418    118.97928    -0.08     -0.05     0.09     1 
1210341462   37.90358    119.01441     0.02      0.02     0.02     1 
1210341463   37.90297    119.04954    -0.08     -0.10     0.13     1 
1210341515   37.88886    118.24097    -0.31     -0.29     0.42     1 
1210341523   37.88556    118.52201    -0.22     -0.17     0.28     1 
1210341524   37.88510    118.55714    -0.02     -0.02     0.03     1 
1210341525   37.88463    118.59227    -0.08      0.01     0.08     1 
1210341526   37.88415    118.62739    -0.22     -0.16     0.27     1 
1210341530   37.88213    118.76789     0.00     -0.01     0.01     1 
1210341531   37.88159    118.80301    -0.02     -0.09     0.09     1 
1210341532   37.88105    118.83813    -0.08      0.01     0.08     1 
1210341537   37.87818    119.01372    -0.09     -0.14     0.17     1 
1210341538   37.87757    119.04883    -0.13     -0.06     0.15     1 
1210341587   37.86451    118.13518     0.16     -0.10     0.19     1 
1210341589   37.86382    118.20542    -0.36     -0.04     0.36     1 
1210341590   37.86345    118.24054    -0.02      0.08     0.08     1 
1210341591   37.86308    118.27566    -0.23     -0.04     0.23     1 
1210341596   37.86104    118.45126     0.10      0.10     0.14     1 
1210341598   37.86016    118.52149    -0.19     -0.01     0.19     1 
1210341599   37.85970    118.55661    -0.14     -0.12     0.18     1 
1210341600   37.85923    118.59172    -0.32      0.25     0.41     1 
1210341602   37.85826    118.66195    -0.33     -0.15     0.36     1 
1210341604   37.85724    118.73217    -0.07     -0.13     0.14     1 
1210341605   37.85672    118.76728    -0.13     -0.02     0.13     1 
1210341606   37.85619    118.80239    -0.04     -0.01     0.04     1 
1210341607   37.85565    118.83750    -0.21      0.26     0.33     1 
1210341611   37.85337    118.97792     0.14     -0.15     0.20     1 
1210341612   37.85278    119.01302    -0.08     -0.06     0.10     1 
1210341661   37.83944    118.09967    -0.13     -0.08     0.15     1 
1210341662   37.83910    118.13478    -0.03      0.01     0.04     1 
1210341667   37.83728    118.31033    -0.04     -0.37     0.38     1 
1210341675   37.83382    118.59117     0.05      0.43     0.43     1 
1210341679   37.83184    118.73158    -0.13     -0.00     0.13     1 
1210341680   37.83132    118.76667    -0.12     -0.03     0.13     1 
1210341738   37.81335    118.16949     0.11     -0.05     0.12     1 
1210341739   37.81299    118.20459     0.19     -0.20     0.28     1 
1210341740   37.81263    118.23969    -0.12      0.12     0.17     1 
1210341743   37.81147    118.34498     0.16     -0.23     0.28     1 
1210341745   37.81065    118.41517    -0.06     -0.24     0.25     1 
1210341746   37.81023    118.45026    -0.07     -0.05     0.09     1 
1210341747   37.80979    118.48535    -0.24      0.27     0.37     1 
1210341752   37.80744    118.66081    -0.17      0.01     0.17     1 
1210341754   37.80643    118.73098     0.09      0.05     0.11     1 
1210341756   37.80538    118.80115     0.00     -0.00     0.00     1 
1210341765   37.80013    119.11688    -0.00     -0.00     0.00     1 
1210341810   37.78893    118.06383     0.22     -0.10     0.24     1 
1210341811   37.78861    118.09892     0.36     -0.20     0.41     1 
1210341817   37.78646    118.30943    -0.33     -0.14     0.36     1 
1210341820   37.78524    118.41468    -0.26      0.00     0.26     1 
1210341822   37.78438    118.48485    -0.02      0.15     0.15     1 
1210341829   37.78103    118.73039     0.16      0.10     0.18     1 
1210341885   37.76352    118.06347     0.01     -0.05     0.05     1 
1210341886   37.76320    118.09854     0.22     -0.12     0.25     1 
1210341887   37.76287    118.13362    -0.03     -0.14     0.15     1 
1210341892   37.76105    118.30899    -0.19     -0.06     0.20     1 
1210341894   37.76025    118.37913     0.03      0.02     0.04     1 
1210341896   37.75941    118.44927    -0.20     -0.06     0.21     1 
1210341908   37.75348    118.87004    -0.05      0.19     0.20     1 
1210341909   37.75292    118.90510    -0.01     -0.03     0.03     1 
1210341960   37.73811    118.06310    -0.13     -0.36     0.39     1 
1210341962   37.73745    118.13323     0.01     -0.01     0.01     1 
1210341964   37.73676    118.20336     0.03     -0.18     0.18     1 
1210341969   37.73484    118.37866     0.13      0.07     0.15     1 
1210341970   37.73442    118.41372    -0.16     -0.18     0.24     1 
1210341971   37.73400    118.44877     0.02     -0.08     0.08     1 
1210341972   37.73356    118.48383    -0.01     -0.00     0.01     1 
1210341976   37.73171    118.62405     0.02      0.13     0.13     1 
1210341981   37.72917    118.79931     0.07     -0.04     0.08     1 
1210341983   37.72808    118.86940    -0.01      0.28     0.28     1 
1210341988   37.72517    119.04462     0.19     -0.17     0.25     1 
1210342034   37.71301    118.02769     0.01     -0.08     0.09     1 
1210342035   37.71269    118.06274    -0.10     -0.08     0.13     1 
1210342036   37.71237    118.09779    -0.03      0.04     0.05     1 
1210342037   37.71204    118.13284     0.12     -0.15     0.19     1 
1210342044   37.70943    118.37819     0.20      0.23     0.31     1 
1210342045   37.70901    118.41323    -0.04      0.13     0.13     1 
1210342046   37.70859    118.44828     0.10     -0.13     0.16     1 
1210342047   37.70815    118.48332     0.06      0.29     0.30     1 
1210342048   37.70771    118.51837    -0.20      0.15     0.25     1 
1210342049   37.70725    118.55341    -0.08     -0.04     0.09     1 
1210342050   37.70678    118.58845    -0.13     -0.03     0.13     1 
1210342053   37.70532    118.69358     0.03      0.22     0.22     1 
1210342057   37.70322    118.83373    -0.46     -0.10     0.47     1 
1210342060   37.70154    118.93883    -0.09     -0.00     0.09     1 
1210342062   37.70037    119.00889     0.05      0.12     0.13     1 
1210342063   37.69976    119.04393     0.16     -0.27     0.32     1 
1210342109   37.68759    118.02734     0.02     -0.18     0.18     1 
1210342110   37.68728    118.06238    -0.14     -0.30     0.33     1 
1210342111   37.68696    118.09742    -0.02      0.05     0.06     1 
1210342112   37.68663    118.13246     0.01     -0.23     0.23     1 
1210342113   37.68629    118.16750    -0.07     -0.01     0.08     1 
1210342115   37.68557    118.23757     0.16      0.14     0.21     1 
1210342116   37.68520    118.27261     0.01     -0.13     0.13     1 
1210342117   37.68482    118.30765    -0.04     -0.13     0.14     1 
1210342120   37.68360    118.41275     0.16      0.02     0.16     1 
1210342121   37.68318    118.44778     0.02      0.02     0.03     1 
1210342122   37.68274    118.48282    -0.08     -0.03     0.08     1 
1210342123   37.68230    118.51785     0.02      0.22     0.22     1 
1210342125   37.68137    118.58791     0.04      0.05     0.07     1 
1210342128   37.67991    118.69300     0.08      0.33     0.34     1 
1210342130   37.67889    118.76305    -0.04      0.02     0.05     1 
1210342131   37.67836    118.79808    -0.15     -0.19     0.25     1 
1210342185   37.66187    118.06202    -0.10     -0.17     0.20     1 
1210342186   37.66155    118.09704     0.10      0.05     0.12     1 
1210342187   37.66121    118.13207     0.01      0.08     0.08     1 
1210342193   37.65901    118.34222     0.17      0.06     0.18     1 
1210342194   37.65861    118.37725    -0.12      0.01     0.12     1 
1210342195   37.65819    118.41227     0.13      0.19     0.23     1 
1210342196   37.65777    118.44729     0.24      0.21     0.31     1 
1210342199   37.65643    118.55235    -0.14     -0.11     0.17     1 
1210342200   37.65597    118.58737    -0.04      0.05     0.07     1 
1210342259   37.63676    118.02664    -0.16     -0.19     0.25     1 
1210342260   37.63645    118.06165     0.24      0.07     0.25     1 
1210342269   37.63320    118.37678     0.00     -0.02     0.02     1 
1210342270   37.63278    118.41179    -0.01     -0.03     0.03     1 
1210342277   37.62960    118.65684    -0.02      0.05     0.05     1 
1210342279   37.62859    118.72685     0.02     -0.11     0.11     1 
1210342336   37.61072    118.09630     0.11      0.10     0.14     1 
1210342343   37.60819    118.34131    -0.32      0.35     0.47     1 
1210342344   37.60779    118.37631     0.12     -0.33     0.35     1 
1210342348   37.60607    118.51630    -0.24      0.00     0.24     1 
1210342349   37.60562    118.55129    -0.03     -0.15     0.16     1 
1210342350   37.60515    118.58629    -0.01      0.18     0.18     1 
1210342360   37.59993    118.93619     0.08     -0.06     0.10     1 
1210342410   37.58563    118.06093     0.20     -0.01     0.20     1 
1210342418   37.58278    118.34085     0.05      0.22     0.23     1 
1210342419   37.58237    118.37584    -0.07      0.16     0.18     1 
1210342420   37.58196    118.41083    -0.04     -0.03     0.05     1 
1210342422   37.58111    118.48080     0.28      0.00     0.28     1 
1210342426   37.57927    118.62073    -0.13     -0.23     0.27     1 
1210342483   37.56082    117.99061    -0.10     -0.15     0.18     1 
1210342484   37.56052    118.02559     0.10      0.02     0.10     1 
1210342485   37.56021    118.06057    -0.04     -0.02     0.05     1 
1210342492   37.55776    118.30542    -0.16     -0.03     0.16     1 
1210342495   37.55655    118.41035     0.05      0.03     0.05     1 
1210342496   37.55613    118.44532    -0.07     -0.13     0.15     1 
1210342497   37.55570    118.48030    -0.17     -0.11     0.20     1 
1210342498   37.55525    118.51527    -0.14     -0.02     0.14     1 
1210342499   37.55480    118.55024     0.03      0.18     0.19     1 
1210342506   37.55133    118.79502    -0.10      0.01     0.10     1 
1210342567   37.53235    118.30498     0.25      0.06     0.25     1 
1210342570   37.53114    118.40987    -0.10     -0.13     0.16     1 
1210342571   37.53072    118.44483    -0.13     -0.03     0.14     1 
1210342573   37.52984    118.51475    -0.17     -0.04     0.18     1 
1210342574   37.52939    118.54971     0.03      0.02     0.03     1 
1210342576   37.52845    118.61963    -0.03     -0.00     0.03     1 
1210342581   37.52592    118.79441     0.09     -0.12     0.15     1 
1210342582   37.52539    118.82936     0.09     -0.00     0.09     1 
1210342584   37.52428    118.89927    -0.13      0.10     0.16     1 
1210342633   37.50999    117.98994    -0.10      0.00     0.10     1 
1210342638   37.50840    118.16472     0.07     -0.10     0.12     1 
1210342639   37.50805    118.19967     0.09     -0.10     0.14     1 
1210342640   37.50769    118.23463    -0.24      0.02     0.24     1 
1210342642   37.50693    118.30454     0.14     -0.06     0.15     1 
1210342645   37.50573    118.40939    -0.02     -0.00     0.02     1 
1210342646   37.50531    118.44434    -0.10     -0.06     0.12     1 
1210342647   37.50487    118.47929    -0.15      0.04     0.16     1 
1210342648   37.50443    118.51424    -0.07      0.09     0.11     1 
1210342655   37.50104    118.75886    -0.15     -0.09     0.17     1 
1210342656   37.50052    118.79380    -0.03      0.03     0.05     1 
1210342710   37.48397    118.05949    -0.12     -0.06     0.14     1 
1210342711   37.48365    118.09444     0.13     -0.04     0.14     1 
1210342712   37.48332    118.12938     0.07      0.01     0.07     1 
1210342717   37.48152    118.30409     0.14     -0.19     0.24     1 
1210342722   37.47946    118.47879    -0.08     -0.09     0.12     1 
1210342724   37.47857    118.54866    -0.03      0.02     0.04     1 
1210342725   37.47811    118.58360    -0.10     -0.06     0.12     1 
1210342726   37.47763    118.61853    -0.09     -0.05     0.11     1 
1210342727   37.47715    118.65347    -0.08      0.05     0.10     1 
1210342782   37.45945    117.95433     0.04     -0.17     0.18     1 
1210342783   37.45916    117.98927    -0.12     -0.06     0.14     1 
1210342784   37.45886    118.02420    -0.02     -0.02     0.03     1 
1210342785   37.45856    118.05913    -0.03     -0.06     0.07     1 
1210342787   37.45791    118.12900    -0.06      0.11     0.12     1 
1210342788   37.45757    118.16393     0.02     -0.14     0.14     1 
1210342790   37.45686    118.23379    -0.20     -0.17     0.26     1 
1210342794   37.45532    118.37351    -0.09      0.39     0.40     1 
1210342797   37.45405    118.47829    -0.22     -0.13     0.26     1 
1210342799   37.45316    118.54814    -0.06     -0.13     0.15     1 
1210342800   37.45270    118.58306    -0.08     -0.16     0.18     1 
1210342801   37.45222    118.61799    -0.22     -0.03     0.23     1 
1210342802   37.45174    118.65291     0.03      0.17     0.18     1 
1210342805   37.45023    118.75767     0.00     -0.15     0.15     1 
1210342806   37.44971    118.79259     0.12      0.06     0.13     1 
1210342857   37.43403    117.95401     0.06     -0.03     0.07     1 
1210342860   37.43314    118.05877     0.17     -0.07     0.18     1 
1210342861   37.43282    118.09370    -0.05     -0.02     0.06     1 
1210342862   37.43250    118.12862    -0.04     -0.13     0.13     1 
1210342867   37.43070    118.30321     0.09      0.17     0.19     1 
1210342871   37.42908    118.44288     0.07     -0.04     0.08     1 
1210342872   37.42865    118.47779    -0.11     -0.13     0.18     1 
1210342873   37.42820    118.51270    -0.10     -0.03     0.11     1 
1210342875   37.42729    118.58253    -0.07     -0.26     0.27     1 
1210342879   37.42534    118.72217    -0.20     -0.08     0.22     1 
1210342932   37.40862    117.95369    -0.02     -0.05     0.05     1 
1210342933   37.40833    117.98860    -0.02     -0.09     0.09     1 
1210342934   37.40803    118.02351    -0.02     -0.03     0.04     1 
1210342939   37.40639    118.19805     0.00      0.08     0.08     1 
1210342942   37.40529    118.30277    -0.07     -0.05     0.08     1 
1210342943   37.40490    118.33768     0.15     -0.01     0.15     1 
1210342944   37.40450    118.37258    -0.04      0.12     0.12     1 
1210342948   37.40279    118.51219    -0.07     -0.02     0.07     1 
1210342952   37.40093    118.65179     0.02      0.18     0.18     1 
1210342954   37.39993    118.72159    -0.03     -0.11     0.12     1 
1210342958   37.39781    118.86116    -0.11      0.11     0.15     1 
1210342987   37.37756    119.87258     0.18     -0.06     0.19     1 
1210343007   37.38320    117.95336     0.10     -0.27     0.28     1 
1210343014   37.38098    118.19765     0.00     -0.19     0.19     1 
1210343016   37.38025    118.26744    -0.10      0.12     0.15     1 
1210343017   37.37987    118.30233    -0.09      0.01     0.09     1 
1210343019   37.37909    118.37212    -0.08      0.01     0.08     1 
1210343020   37.37868    118.40701    -0.01      0.06     0.06     1 
1210343021   37.37826    118.44190    -0.29      0.25     0.38     1 
1210343023   37.37738    118.51168    -0.23      0.15     0.27     1 
1210343024   37.37693    118.54657    -0.02      0.10     0.11     1 
1210343025   37.37647    118.58146    -0.13      0.05     0.14     1 
1210343026   37.37600    118.61635     0.00      0.40     0.40     1 
1210343027   37.37552    118.65123    -0.09      0.10     0.13     1 
1210343028   37.37502    118.68612    -0.09      0.09     0.13     1 
1210343031   37.37349    118.79077    -0.11      0.01     0.12     1 
1210343034   37.37185    118.89542    -0.19      0.21     0.28     1 
1210343062   37.35217    119.87161    -0.30     -0.22     0.38     1 
1210343083   37.35750    117.98793    -0.07     -0.12     0.14     1 
1210343084   37.35720    118.02282    -0.14     -0.06     0.15     1 
1210343085   37.35690    118.05770     0.13     -0.03     0.13     1 
1210343086   37.35658    118.09259    -0.35      0.15     0.38     1 
1210343088   37.35592    118.16236     0.01     -0.10     0.10     1 
1210343089   37.35557    118.19724    -0.03      0.05     0.06     1 
1210343091   37.35484    118.26701     0.09      0.02     0.09     1 
1210343092   37.35446    118.30189    -0.09      0.00     0.09     1 
1210343099   37.35152    118.54605     0.05      0.02     0.06     1 
1210343101   37.35059    118.61580    -0.18     -0.21     0.28     1 
1210343102   37.35011    118.65068    -0.10      0.01     0.10     1 
1210343103   37.34962    118.68555     0.08     -0.05     0.10     1 
1210343106   37.34808    118.79017     0.19      0.04     0.19     1 
1210343109   37.34645    118.89478     0.01     -0.02     0.02     1 
1210343156   37.33265    117.91784    -0.08     -0.06     0.11     1 
1210343157   37.33237    117.95272    -0.01     -0.16     0.16     1 
1210343158   37.33208    117.98760    -0.30     -0.04     0.30     1 
1210343160   37.33148    118.05735    -0.24      0.06     0.25     1 
1210343162   37.33084    118.12709    -0.19     -0.00     0.19     1 
1210343163   37.33050    118.16197    -0.01     -0.09     0.09     1 
1210343165   37.32980    118.23171     0.29      0.03     0.29     1 
1210343166   37.32943    118.26658     0.13     -0.00     0.13     1 
1210343172   37.32700    118.47580    -0.01      0.00     0.01     1 
1210343175   37.32565    118.58039    -0.07      0.10     0.12     1 
1210343176   37.32518    118.61526     0.01      0.06     0.06     1 
1210343179   37.32371    118.71985     0.08      0.19     0.20     1 
1210343180   37.32319    118.75471     0.13      0.10     0.16     1 
1210343232   37.30696    117.95240    -0.12      0.02     0.12     1 
1210343240   37.30438    118.23130     0.01      0.24     0.24     1 
1210343241   37.30401    118.26616     0.01     -0.09     0.09     1 
1210343246   37.30202    118.44044     0.34     -0.12     0.37     1 
1210343247   37.30159    118.47530     0.09     -0.04     0.09     1 
1210343249   37.30070    118.54501    -0.15      0.03     0.15     1 
1210343250   37.30024    118.57986     0.00      0.03     0.03     1 
1210343253   37.29880    118.68442    -0.22      0.32     0.39     1 
1210343255   37.29779    118.75411    -0.15      0.08     0.17     1 
1210343260   37.29507    118.92835    -0.08      0.03     0.09     1 
1210343261   37.29450    118.96319    -0.05      0.40     0.40     1 
1210343308   37.28125    117.98693     0.07      0.02     0.07     1 
1210343312   37.28001    118.12634    -0.02     -0.18     0.18     1 
1210343314   37.27933    118.19603     0.06     -0.05     0.07     1 
1210343317   37.27822    118.30058    -0.03     -0.02     0.04     1 
1210343322   37.27618    118.47480    -0.08      0.02     0.08     1 
1210343325   37.27483    118.57933     0.08      0.04     0.09     1 
1210343327   37.27388    118.64901     0.17      0.07     0.18     1 
1210343328   37.27339    118.68385     0.08     -0.18     0.20     1 
1210343329   37.27289    118.71869    -0.15      0.08     0.17     1 
1210343330   37.27238    118.75352    -0.14     -0.25     0.28     1 
1210343331   37.27186    118.78836    -0.21     -0.03     0.21     1 
1210343332   37.27133    118.82320     0.11      0.01     0.11     1 
1210343333   37.27078    118.85803     0.37      0.05     0.37     1 
1210343382   37.25612    117.95176    -0.07      0.01     0.07     1 
1210343384   37.25554    118.02144    -0.01      0.01     0.02     1 
1210343385   37.25524    118.05628     0.00     -0.02     0.02     1 
1210343389   37.25391    118.19563     0.07     -0.06     0.09     1 
1210343390   37.25355    118.23047     0.13     -0.00     0.13     1 
1210343392   37.25281    118.30014    -0.06      0.11     0.12     1 
1210343393   37.25242    118.33498     0.05     -0.02     0.06     1 
1210343394   37.25203    118.36981    -0.04      0.07     0.09     1 
1210343402   37.24847    118.64846     0.03      0.09     0.10     1 
1210343405   37.24697    118.75294    -0.09      0.14     0.17     1 
1210343406   37.24645    118.78776    -0.04     -0.04     0.06     1 
1210343407   37.24592    118.82258    -0.12     -0.00     0.12     1 
1210343408   37.24538    118.85741     0.15     -0.05     0.16     1 
1210343409   37.24483    118.89223    -0.10     -0.01     0.10     1 
1210343410   37.24426    118.92705     0.07      0.20     0.21     1 
1210343456   37.23098    117.91661    -0.13     -0.04     0.14     1 
1210343457   37.23071    117.95144    -0.03      0.04     0.05     1 
1210343458   37.23042    117.98627    -0.03     -0.05     0.06     1 
1210343460   37.22982    118.05593     0.02     -0.09     0.09     1 
1210343461   37.22951    118.09075     0.05     -0.00     0.05     1 
1210343462   37.22918    118.12558     0.11     -0.06     0.12     1 
1210343463   37.22884    118.16041     0.03      0.04     0.05     1 
1210343464   37.22850    118.19523     0.12     -0.03     0.12     1 
1210343467   37.22740    118.29971     0.12     -0.12     0.17     1 
1210343468   37.22701    118.33453     0.00     -0.00     0.00     1 
1210343469   37.22661    118.36935    -0.25     -0.06     0.26     1 
1210343470   37.22621    118.40417    -0.03     -0.04     0.05     1 
1210343471   37.22579    118.43899    -0.10      0.02     0.10     1 
1210343478   37.22257    118.68272     0.05     -0.04     0.06     1 
1210343479   37.22207    118.71753     0.01      0.05     0.05     1 
1210343481   37.22104    118.78716    -0.07      0.09     0.12     1 
1210343482   37.22051    118.82197    -0.14      0.07     0.15     1 
1210343483   37.21997    118.85678    -0.00     -0.00     0.00     1 
1210343484   37.21942    118.89159     0.03      0.10     0.10     1 
1210343488   37.21711    119.03082    -0.12     -0.03     0.13     1 
1210343530   37.20583    117.88148     0.05     -0.11     0.12     1 
1210343531   37.20557    117.91630     0.01     -0.01     0.01     1 
1210343533   37.20501    117.98594    -0.13      0.08     0.15     1 
1210343534   37.20471    118.02075     0.04     -0.01     0.04     1 
1210343537   37.20376    118.12520    -0.02     -0.04     0.04     1 
1210343539   37.20308    118.19483    -0.01     -0.03     0.04     1 
1210343540   37.20273    118.22964    -0.10     -0.10     0.14     1 
1210343541   37.20236    118.26446    -0.01     -0.07     0.07     1 
1210343542   37.20198    118.29927    -0.00      0.01     0.01     1 
1210343549   37.19906    118.54293    -0.08      0.02     0.08     1 
1210343550   37.19860    118.57774    -0.14      0.06     0.15     1 
1210343551   37.19813    118.61255    -0.28     -0.08     0.29     1 
1210343556   37.19564    118.78656    -0.15      0.13     0.20     1 
1210343558   37.19457    118.85616    -0.00     -0.04     0.04     1 
1210343559   37.19402    118.89096    -0.00      0.02     0.02     1 
1210343565   37.19050    119.09973     0.03      0.11     0.11     1 
1210343585   37.17612    119.79534    -0.29     -0.28     0.40     1 
1210343605   37.18041    117.88119    -0.20     -0.07     0.21     1 
1210343607   37.17988    117.95080    -0.05     -0.09     0.10     1 
1210343610   37.17899    118.05522     0.06     -0.20     0.21     1 
1210343612   37.17835    118.12483     0.07      0.12     0.14     1 
1210343614   37.17767    118.19443    -0.12      0.10     0.15     1 
1210343615   37.17731    118.22923     0.15     -0.17     0.23     1 
1210343618   37.17618    118.33363     0.02      0.01     0.02     1 
1210343624   37.17365    118.54242    -0.19      0.14     0.23     1 
1210343628   37.17176    118.68159    -0.08      0.06     0.10     1 
1210343630   37.17075    118.75117     0.14      0.02     0.14     1 
1210343631   37.17023    118.78596    -0.02     -0.02     0.03     1 
1210343632   37.16970    118.82075    -0.24     -0.07     0.25     1 
1210343633   37.16916    118.85554    -0.17      0.07     0.18     1 
1210343635   37.16805    118.92511     0.02      0.08     0.08     1 
1210343636   37.16748    118.95990    -0.02     -0.07     0.07     1 
1210343637   37.16690    118.99468     0.08     -0.03     0.08     1 
1210343641   37.16447    119.13381    -0.04      0.19     0.19     1 
1210343660   37.15073    119.79440     0.11     -0.07     0.13     1 
1210343681   37.15473    117.91569    -0.11     -0.12     0.16     1 
1210343682   37.15446    117.95048    -0.16     -0.26     0.31     1 
1210343683   37.15417    117.98528    -0.00      0.09     0.09     1 
1210343684   37.15388    118.02007    -0.34     -0.03     0.34     1 
1210343688   37.15260    118.15924    -0.09     -0.05     0.10     1 
1210343691   37.15153    118.26361     0.01     -0.11     0.11     1 
1210343692   37.15116    118.29840    -0.00      0.03     0.03     1 
1210343696   37.14955    118.43755    -0.09      0.13     0.16     1 
1210343698   37.14869    118.50712    -0.04      0.12     0.13     1 
1210343703   37.14635    118.68103    -0.29      0.10     0.30     1 
1210343705   37.14534    118.75059     0.06     -0.09     0.11     1 
1210343713   37.14090    119.02878    -0.02     -0.04     0.04     1 
1210343717   37.13844    119.16786     0.11      0.08     0.14     1 
1210343757   37.12904    117.95017    -0.09     -0.20     0.21     1 
1210343760   37.12816    118.05451    -0.19     -0.08     0.21     1 
1210343761   37.12785    118.08929     0.13      0.02     0.14     1 
1210343762   37.12752    118.12407    -0.01      0.11     0.11     1 
1210343764   37.12684    118.19363     0.26     -0.16     0.31     1 
1210343767   37.12574    118.29796    -0.09     -0.04     0.10     1 
1210343769   37.12496    118.36752     0.10      0.07     0.12     1 
1210343770   37.12456    118.40229     0.12     -0.28     0.31     1 
1210343773   37.12327    118.50661     0.19     -0.15     0.24     1 
1210343778   37.12094    118.68047    -0.06      0.15     0.16     1 
1210343779   37.12044    118.71523    -0.09     -0.14     0.16     1 
1210343784   37.11780    118.88906    -0.15      0.02     0.16     1 
1210343786   37.11667    118.95859     0.20      0.03     0.20     1 
1210343788   37.11550    119.02811    -0.02      0.26     0.26     1 
1210343789   37.11490    119.06287    -0.02      0.05     0.06     1 
1210343792   37.11304    119.16714    -0.15      0.10     0.18     1 
1210343801   37.10691    119.47988    -0.33      0.08     0.34     1 
1210343802   37.10617    119.51463     0.00      0.15     0.15     1 
1210343807   37.10236    119.68833    -0.10     -0.02     0.10     1 
1210343808   37.10157    119.72307     0.15     -0.23     0.27     1 
1210343810   37.09995    119.79253    -0.04      0.15     0.15     1 
1210343831   37.10390    117.91508     0.05     -0.03     0.06     1 
1210343832   37.10363    117.94985     0.01     -0.02     0.02     1 
1210343835   37.10274    118.05416    -0.02      0.13     0.13     1 
1210343837   37.10211    118.12370     0.03     -0.06     0.07     1 
1210343839   37.10143    118.19323    -0.12     -0.24     0.26     1 
1210343840   37.10107    118.22800    -0.00     -0.01     0.01     1 
1210343841   37.10070    118.26277    -0.06      0.22     0.23     1 
1210343844   37.09955    118.36706     0.02      0.08     0.08     1 
1210343845   37.09914    118.40182     0.27      0.03     0.27     1 
1210343849   37.09742    118.54087    -0.00     -0.17     0.17     1 
1210343850   37.09696    118.57563    -0.17      0.06     0.18     1 
1210343852   37.09602    118.64515    -0.28      0.18     0.33     1 
1210343854   37.09503    118.71466    -0.12      0.13     0.18     1 
1210343856   37.09401    118.78417    -0.04     -0.00     0.04     1 
1210343857   37.09348    118.81893    -0.09      0.11     0.14     1 
1210343858   37.09294    118.85368    -0.10      0.06     0.11     1 
1210343862   37.09068    118.99268    -0.15      0.05     0.16     1 
1210343863   37.09009    119.02743    -0.03     -0.05     0.06     1 
1210343864   37.08949    119.06218    -0.09     -0.02     0.09     1 
1210343865   37.08889    119.09692     0.14     -0.19     0.23     1 
1210343867   37.08764    119.16641     0.04      0.43     0.43     1 
1210343868   37.08700    119.20115    -0.31     -0.13     0.33     1 
1210343873   37.08364    119.37485    -0.22     -0.19     0.29     1 
1210343874   37.08294    119.40959    -0.09     -0.10     0.13     1 
1210343877   37.08078    119.51379     0.39      0.15     0.42     1 
1210343880   37.07852    119.61798    -0.20      0.02     0.20     1 
1210343881   37.07775    119.65271    -0.12     -0.08     0.15     1 
1210343884   37.07537    119.75688    -0.06      0.12     0.13     1 
1210343913   37.07635    118.15808    -0.12      0.15     0.19     1 
1210343919   37.07414    118.36660    -0.14     -0.16     0.22     1 
1210343922   37.07289    118.47086     0.22      0.24     0.32     1 
1210343924   37.07201    118.54036    -0.13      0.08     0.15     1 
1210343932   37.06807    118.81832    -0.15     -0.09     0.17     1 
1210343936   37.06586    118.95728    -0.01      0.04     0.04     1 
1210343937   37.06528    118.99202     0.11     -0.00     0.11     1 
1210343938   37.06469    119.02675     0.01     -0.03     0.03     1 
1210343939   37.06409    119.06149    -0.05      0.08     0.10     1 
1210343940   37.06348    119.09622    -0.00     -0.04     0.04     1 
1210343941   37.06286    119.13096    -0.03      0.01     0.03     1 
1210343942   37.06223    119.16569    -0.10      0.05     0.11     1 
1210343946   37.05962    119.30461     0.10      0.03     0.11     1 
1210343948   37.05824    119.37406    -0.07     -0.15     0.16     1 
1210343949   37.05754    119.40878     0.07     -0.03     0.08     1 
1210343954   37.05389    119.58239    -0.12     -0.01     0.12     1 
1210343955   37.05313    119.61710    -0.15      0.02     0.15     1 
1210343980   37.05333    117.87972     0.00     -0.00     0.00     1 
1210343985   37.05191    118.05345    -0.03     -0.17     0.17     1 
1210343991   37.04988    118.26192     0.21     -0.04     0.21     1 
1210343993   37.04912    118.33141    -0.05     -0.12     0.13     1 
1210343994   37.04872    118.36615    -0.27     -0.07     0.28     1 
1210343996   37.04790    118.43563     0.12      0.07     0.14     1 
1210343997   37.04748    118.47037     0.13     -0.09     0.16     1 
1210343998   37.04704    118.50511     0.24      0.15     0.28     1 
1210344000   37.04614    118.57458     0.07      0.17     0.18     1 
1210344001   37.04567    118.60931    -0.21     -0.21     0.30     1 
1210344004   37.04421    118.71352    -0.02      0.10     0.11     1 
1210344008   37.04212    118.85244     0.14     -0.18     0.23     1 
1210344010   37.04102    118.92190     0.15      0.19     0.24     1 
1210344013   37.03929    119.02608    -0.33     -0.19     0.37     1 
1210344014   37.03869    119.06080    -0.04     -0.00     0.04     1 
1210344015   37.03808    119.09552    -0.10      0.09     0.13     1 
1210344016   37.03746    119.13025    -0.04      0.03     0.05     1 
1210344017   37.03683    119.16497    -0.10      0.13     0.16     1 
1210344018   37.03619    119.19969    -0.19     -0.10     0.21     1 
1210344020   37.03489    119.26912    -0.28      0.03     0.28     1 
1210344021   37.03422    119.30384     0.07     -0.01     0.07     1 
1210344022   37.03354    119.33855     0.29      0.07     0.30     1 
1210344023   37.03285    119.37327    -0.17     -0.06     0.18     1 
1210344024   37.03215    119.40798    -0.00      0.04     0.04     1 
1210344026   37.03072    119.47740     0.12     -0.21     0.24     1 
1210344028   37.02925    119.54682    -0.13     -0.05     0.14     1 
1210344029   37.02849    119.58153    -0.02     -0.02     0.03     1 
1210344030   37.02773    119.61623    -0.12     -0.05     0.13     1 
1210344031   37.02696    119.65094    -0.13     -0.13     0.18     1 
1210344055   37.02791    117.87942     0.10      0.12     0.15     1 
1210344058   37.02709    117.98363    -0.10      0.15     0.18     1 
1210344064   37.02518    118.19204    -0.34     -0.21     0.40     1 
1210344065   37.02483    118.22677    -0.22     -0.15     0.27     1 
1210344068   37.02370    118.33096     0.03     -0.05     0.06     1 
1210344072   37.02206    118.46988     0.05     -0.02     0.05     1 
1210344073   37.02163    118.50460     0.07     -0.12     0.14     1 
1210344075   37.02073    118.57405     0.07      0.05     0.08     1 
1210344076   37.02026    118.60878    -0.09     -0.07     0.11     1 
1210344077   37.01979    118.64350     0.18     -0.09     0.20     1 
1210344078   37.01930    118.67822    -0.14      0.07     0.15     1 
1210344079   37.01880    118.71295     0.18      0.06     0.19     1 
1210344080   37.01830    118.74767     0.26      0.05     0.26     1 
1210344086   37.01505    118.95597    -0.05      0.15     0.16     1 
1210344087   37.01447    118.99069    -0.00      0.08     0.08     1 
1210344088   37.01388    119.02540    -0.22      0.18     0.28     1 
1210344089   37.01328    119.06011    -0.03      0.01     0.03     1 
1210344090   37.01268    119.09483    -0.04      0.04     0.06     1 
1210344092   37.01143    119.16425    -0.03      0.04     0.05     1 
1210344093   37.01079    119.19895    -0.10     -0.09     0.14     1 
1210344094   37.01014    119.23366    -0.19     -0.11     0.22     1 
1210344095   37.00948    119.26837    -0.22     -0.09     0.24     1 
1210344096   37.00881    119.30307    -0.02      0.03     0.04     1 
1210344097   37.00814    119.33778    -0.09      0.09     0.12     1 
1210344099   37.00675    119.40718     0.02     -0.03     0.04     1 
1210344100   37.00604    119.44188     0.09     -0.11     0.14     1 
1210344102   37.00459    119.51128     0.11      0.01     0.11     1 
1210344103   37.00385    119.54597    -0.13      0.01     0.13     1 
1210344105   37.00234    119.61536    -0.03     -0.03     0.04     1 
1210344129   37.00274    117.84441     0.08      0.03     0.08     1 
1210344131   37.00223    117.91386     0.12     -0.04     0.12     1 
1210344138   37.00011    118.15692    -0.10     -0.04     0.11     1 
1210344139   36.99977    118.19164    -0.04     -0.04     0.05     1 
1210344140   36.99941    118.22636    -0.17     -0.17     0.24     1 
1210344141   36.99905    118.26108     0.02     -0.02     0.03     1 
1210344143   36.99829    118.33052     0.27     -0.06     0.28     1 
1210344144   36.99790    118.36524    -0.27      0.10     0.29     1 
1210344145   36.99749    118.39996     0.19     -0.18     0.26     1 
1210344149   36.99577    118.53882    -0.11     -0.11     0.15     1 
1210344151   36.99485    118.60824    -0.02     -0.01     0.02     1 
1210344152   36.99438    118.64296    -0.12      0.02     0.12     1 
1210344153   36.99389    118.67767    -0.18     -0.08     0.20     1 
1210344154   36.99339    118.71238    -0.16      0.02     0.16     1 
1210344155   36.99289    118.74709    -0.05     -0.00     0.05     1 
1210344157   36.99185    118.81650     0.03     -0.09     0.10     1 
1210344159   36.99076    118.88591     0.06     -0.04     0.07     1 
1210344161   36.98964    118.95532     0.03      0.07     0.07     1 
1210344162   36.98906    118.99003     0.05     -0.07     0.09     1 
1210344166   36.98665    119.12883    -0.02      0.30     0.30     1 
1210344168   36.98539    119.19822     0.14      0.19     0.23     1 
1210344169   36.98474    119.23292    -0.12      0.15     0.19     1 
1210344170   36.98408    119.26761    -0.10     -0.10     0.14     1 
1210344171   36.98342    119.30231     0.12     -0.03     0.13     1 
1210344172   36.98274    119.33700     0.07      0.12     0.14     1 
1210344173   36.98205    119.37169    -0.06      0.10     0.12     1 
1210344174   36.98135    119.40638    -0.02      0.12     0.12     1 
1210344175   36.98064    119.44107     0.36      0.14     0.38     1 
1210344178   36.97845    119.54513    -0.03      0.10     0.11     1 
1210344183   36.97461    119.71853    -0.09     -0.04     0.10     1 
1210344206   36.97681    117.91355    -0.06     -0.27     0.28     1 
1210344208   36.97626    117.98298     0.00     -0.03     0.03     1 
1210344209   36.97597    118.01769     0.27     -0.20     0.34     1 
1210344212   36.97503    118.12183    -0.08     -0.14     0.16     1 
1210344214   36.97435    118.19124    -0.15     -0.02     0.15     1 
1210344215   36.97400    118.22595     0.09     -0.03     0.09     1 
1210344216   36.97363    118.26066    -0.04      0.07     0.07     1 
1210344217   36.97326    118.29537    -0.06     -0.02     0.06     1 
1210344218   36.97288    118.33008     0.02     -0.12     0.12     1 
1210344219   36.97248    118.36478    -0.01      0.17     0.17     1 
1210344225   36.96991    118.57301     0.05      0.10     0.11     1 
1210344226   36.96944    118.60771     0.24      0.10     0.26     1 
1210344227   36.96897    118.64241    -0.02     -0.09     0.09     1 
1210344228   36.96848    118.67711     0.24      0.12     0.26     1 
1210344231   36.96696    118.78120     0.08      0.04     0.09     1 
1210344235   36.96480    118.91998     0.12      0.04     0.13     1 
1210344239   36.96247    119.05875     0.20      0.08     0.21     1 
1210344240   36.96187    119.09343    -0.01      0.11     0.11     1 
1210344241   36.96125    119.12812    -0.04      0.08     0.09     1 
1210344242   36.96062    119.16281     0.03      0.02     0.03     1 
1210344244   36.95934    119.23218     0.11     -0.03     0.12     1 
1210344245   36.95868    119.26686    -0.01      0.19     0.19     1 
1210344246   36.95802    119.30154     0.04      0.07     0.08     1 
1210344248   36.95665    119.37090     0.09      0.02     0.09     1 
1210344249   36.95595    119.40558     0.06      0.05     0.08     1 
1210344254   36.95231    119.57895     0.29      0.09     0.31     1 
1210344283   36.95084    117.98265     0.12     -0.09     0.15     1 
1210344285   36.95025    118.05205    -0.13      0.00     0.13     1 
1210344289   36.94893    118.19085    -0.08     -0.13     0.15     1 
1210344291   36.94822    118.26024    -0.00      0.10     0.10     1 
1210344292   36.94785    118.29494    -0.13     -0.07     0.14     1 
1210344294   36.94707    118.36433    -0.04      0.26     0.26     1 
1210344296   36.94625    118.43372     0.36      0.03     0.36     1 
1210344297   36.94583    118.46841     0.04      0.21     0.21     1 
1210344298   36.94539    118.50310     0.01      0.07     0.07     1 
1210344299   36.94495    118.53779    -0.24      0.13     0.27     1 
1210344300   36.94449    118.57248    -0.15     -0.01     0.15     1 
1210344302   36.94356    118.64186     0.07      0.04     0.08     1 
1210344303   36.94307    118.67655     0.02     -0.10     0.11     1 
1210344311   36.93883    118.95402    -0.09     -0.03     0.09     1 
1210344315   36.93646    119.09274    -0.12      0.08     0.14     1 
1210344316   36.93585    119.12741     0.05      0.12     0.13     1 
1210344317   36.93522    119.16209     0.01      0.03     0.03     1 
1210344319   36.93394    119.23144    -0.23      0.06     0.24     1 
1210344320   36.93328    119.26611    -0.03      0.15     0.16     1 
1210344323   36.93125    119.37011     0.01      0.04     0.04     1 
1210344325   36.92985    119.43945     0.30     -0.23     0.37     1 
1210344327   36.92840    119.50877    -0.01     -0.00     0.01     1 
1210344328   36.92766    119.54344    -0.06     -0.02     0.06     1 
1210344330   36.92616    119.61276     0.12      0.19     0.23     1 
1210344358   36.92542    117.98233     0.05     -0.14     0.14     1 
1210344361   36.92452    118.08639    -0.13     -0.09     0.16     1 
1210344362   36.92419    118.12108    -0.26     -0.08     0.28     1 
1210344363   36.92386    118.15577     0.07     -0.03     0.08     1 
1210344364   36.92352    118.19045     0.01     -0.07     0.07     1 
1210344365   36.92317    118.22514    -0.10      0.14     0.18     1 
1210344367   36.92243    118.29451    -0.04     -0.05     0.06     1 
1210344368   36.92205    118.32919     0.06      0.19     0.20     1 
1210344369   36.92166    118.36388     0.12     -0.00     0.12     1 
1210344370   36.92125    118.39856    -0.03     -0.14     0.15     1 
1210344373   36.91998    118.50260     0.04      0.11     0.12     1 
1210344375   36.91908    118.57196     0.09      0.15     0.17     1 
1210344376   36.91862    118.60664     0.10      0.23     0.25     1 
1210344377   36.91815    118.64132     0.03      0.03     0.04     1 
1210344379   36.91717    118.71067    -0.21      0.10     0.23     1 
1210344383   36.91509    118.84936     0.27      0.04     0.27     1 
1210344387   36.91285    118.98804    -0.05      0.04     0.06     1 
1210344388   36.91226    119.02271    -0.03      0.07     0.07     1 
1210344389   36.91167    119.05738     0.08     -0.09     0.12     1 
1210344390   36.91106    119.09204     0.11      0.05     0.13     1 
1210344391   36.91044    119.12671    -0.01     -0.41     0.41     1 
1210344392   36.90982    119.16137    -0.04      0.05     0.07     1 
1210344393   36.90918    119.19603    -0.05     -0.00     0.05     1 
1210344394   36.90854    119.23069    -0.06      0.12     0.14     1 
1210344397   36.90654    119.33467     0.23     -0.01     0.23     1 
1210344398   36.90585    119.36933     0.27     -0.09     0.29     1 
1210344399   36.90516    119.40398     0.27      0.09     0.29     1 
1210344435   36.89941    118.05136    -0.12      0.08     0.15     1 
1210344436   36.89910    118.08603    -0.14     -0.19     0.24     1 
1210344437   36.89878    118.12071    -0.27      0.01     0.27     1 
1210344438   36.89845    118.15538    -0.07     -0.02     0.07     1 
1210344441   36.89739    118.25941     0.27      0.05     0.28     1 
1210344444   36.89624    118.36342     0.03      0.12     0.12     1 
1210344450   36.89367    118.57144     0.10      0.16     0.19     1 
1210344451   36.89321    118.60611     0.12      0.13     0.18     1 
1210344452   36.89273    118.64077     0.15      0.08     0.17     1 
1210344453   36.89225    118.67544     0.06      0.05     0.08     1 
1210344458   36.88968    118.84875    -0.17      0.18     0.25     1 
1210344459   36.88914    118.88341     0.29      0.02     0.29     1 
1210344460   36.88858    118.91807    -0.12     -0.32     0.35     1 
1210344461   36.88802    118.95273     0.41     -0.20     0.46     1 
1210344462   36.88744    118.98739    -0.03     -0.16     0.16     1 
1210344464   36.88626    119.05670     0.06     -0.35     0.35     1 
1210344469   36.88314    119.22996    -0.03      0.02     0.03     1 
1210344470   36.88248    119.26460    -0.05      0.03     0.06     1 
1210344472   36.88114    119.33390     0.04      0.11     0.12     1 
1210344473   36.88045    119.36854     0.17      0.11     0.21     1 
1210344474   36.87976    119.40319    -0.08      0.04     0.09     1 
1210344479   36.87613    119.57639     0.12     -0.04     0.13     1 
1210344503   36.87589    117.80834    -0.19     -0.13     0.23     1 
1210344506   36.87514    117.91234     0.25      0.09     0.27     1 
1210344509   36.87430    118.01634    -0.01     -0.25     0.25     1 
1210344510   36.87400    118.05101    -0.37     -0.14     0.40     1 
1210344513   36.87303    118.15500    -0.21     -0.02     0.21     1 
1210344516   36.87197    118.25899    -0.19      0.05     0.20     1 
1210344517   36.87160    118.29365     0.07     -0.26     0.27     1 
1210344519   36.87083    118.36297     0.11      0.27     0.29     1 
1210344520   36.87042    118.39763     0.19      0.19     0.27     1 
1210344521   36.87001    118.43229     0.25      0.21     0.33     1 
1210344522   36.86959    118.46695    -0.17     -0.25     0.30     1 
1210344525   36.86826    118.57092    -0.07      0.06     0.09     1 
1210344527   36.86732    118.64023     0.22      0.03     0.23     1 
1210344533   36.86427    118.84814     0.02      0.16     0.16     1 
1210344535   36.86317    118.91743     0.05      0.09     0.10     1 
1210344536   36.86261    118.95208    -0.06      0.08     0.10     1 
1210344537   36.86203    118.98673    -0.11      0.24     0.27     1 
1210344548   36.85505    119.36776     0.10      0.16     0.19     1 
1210344549   36.85436    119.40239    -0.04     -0.06     0.07     1 
1210344554   36.85073    119.57553     0.07      0.07     0.10     1 
1210344557   36.84843    119.67941     0.35      0.09     0.36     1 
1210344586   36.84827    118.08531    -0.35      0.15     0.38     1 
1210344587   36.84795    118.11996    -0.27      0.01     0.27     1 
1210344590   36.84692    118.22392    -0.15     -0.08     0.17     1 
1210344597   36.84418    118.46646    -0.09      0.03     0.10     1 
1210344598   36.84374    118.50111    -0.07      0.14     0.15     1 
1210344599   36.84330    118.53575    -0.13      0.15     0.20     1 
1210344601   36.84239    118.60504     0.29     -0.08     0.30     1 
1210344605   36.84043    118.74361     0.01      0.29     0.29     1 
1210344608   36.83886    118.84753    -0.05      0.01     0.06     1 
1210344611   36.83720    118.95144     0.02     -0.07     0.08     1 
1210344612   36.83663    118.98607    -0.11     -0.14     0.18     1 
1210344616   36.83423    119.12459     0.16      0.06     0.17     1 
1210344624   36.82896    119.40160     0.14     -0.22     0.26     1 
1210344625   36.82825    119.43622     0.04      0.23     0.23     1 
1210344626   36.82754    119.47083    -0.08     -0.09     0.12     1 
1210344628   36.82608    119.54007     0.06     -0.35     0.35     1 
1210344632   36.82304    119.67852     0.22      0.21     0.31     1 
1210344652   36.82529    117.77316     0.17     -0.03     0.17     1 
1210344656   36.82431    117.91174     0.05     -0.15     0.16     1 
1210344658   36.82375    117.98103    -0.35     -0.17     0.39     1 
1210344669   36.82000    118.36207    -0.23      0.08     0.25     1 
1210344673   36.81833    118.50061    -0.08      0.11     0.14     1 
1210344674   36.81789    118.53525     0.26      0.18     0.32     1 
1210344676   36.81697    118.60451     0.31      0.10     0.33     1 
1210344677   36.81650    118.63914     0.13      0.23     0.27     1 
1210344681   36.81451    118.77766     0.08      0.02     0.09     1 
1210344682   36.81399    118.81229     0.15      0.26     0.30     1 
1210344685   36.81236    118.91617     0.29      0.03     0.29     1 
1210344686   36.81180    118.95079     0.27      0.15     0.31     1 
1210344687   36.81122    118.98541    -0.18      0.12     0.22     1 
1210344689   36.81005    119.05465    -0.04     -0.03     0.05     1 
1210344693   36.80757    119.19313     0.16      0.03     0.17     1 
1210344699   36.80356    119.40080     0.11      0.12     0.16     1 
1210344701   36.80214    119.47002     0.06      0.21     0.22     1 
1210344702   36.80142    119.50462     0.07     -0.11     0.13     1 
1210344703   36.80068    119.53923     0.12      0.01     0.12     1 
1210344733   36.79834    117.98070    -0.26     -0.15     0.30     1 
1210344743   36.79498    118.32699    -0.26     -0.03     0.26     1 
1210344752   36.79109    118.63860     0.12      0.18     0.21     1 
1210344756   36.78910    118.77707     0.07      0.12     0.14     1 
1210344759   36.78750    118.88092    -0.04     -0.05     0.06     1 
1210344761   36.78639    118.95015     0.02     -0.12     0.12     1 
1210344762   36.78582    118.98476     0.20      0.17     0.26     1 
1210344766   36.78343    119.12319     0.09      0.27     0.28     1 
1210344776   36.77674    119.46920    -0.05     -0.00     0.05     1 
1210344781   36.77302    119.64216    -0.18     -0.02     0.18     1 
1210344782   36.77225    119.67675    -0.05      0.11     0.12     1 
1210344813   36.77137    118.15347    -0.33     -0.07     0.34     1 
1210344815   36.77067    118.22271    -0.19      0.00     0.19     1 
1210344818   36.76956    118.32656     0.21     -0.01     0.21     1 
1210344819   36.76917    118.36117    -0.01      0.09     0.09     1 
1210344822   36.76794    118.46501     0.05      0.14     0.15     1 
1210344824   36.76706    118.53423    -0.16     -0.02     0.16     1 
1210344836   36.76098    118.94950    -0.09     -0.10     0.13     1 
1210344837   36.76041    118.98410     0.13     -0.01     0.13     1 
1210344838   36.75983    119.01870     0.16     -0.07     0.17     1 
1210344850   36.75206    119.43380     0.09      0.07     0.11     1 
1210344853   36.74989    119.53755    -0.06      0.12     0.14     1 
1210344889   36.74561    118.18770    -0.25      0.08     0.27     1 
1210344890   36.74526    118.22231    -0.28     -0.02     0.29     1 
1210344891   36.74490    118.25691    -0.09      0.09     0.13     1 
1210344892   36.74453    118.29152    -0.17      0.05     0.18     1 
1210344893   36.74415    118.32612     0.21      0.08     0.23     1 
1210344894   36.74376    118.36072    -0.08      0.08     0.11     1 
1210344897   36.74252    118.46453     0.21      0.11     0.24     1 
1210344909   36.73669    118.87968    -0.07     -0.21     0.22     1 
1210344910   36.73614    118.91427     0.10      0.03     0.10     1 
1210344912   36.73500    118.98345    -0.09      0.04     0.10     1 
1210344913   36.73442    119.01803     0.02      0.04     0.05     1 
1210344916   36.73262    119.12179    -0.37     -0.11     0.39     1 
1210344918   36.73136    119.19096    -0.11      0.02     0.11     1 
1210344922   36.72874    119.32927    -0.01      0.07     0.07     1 
1210344928   36.72449    119.53672     0.10      0.12     0.16     1 
1210344969   36.71834    118.36027    -0.19     -0.05     0.19     1 
1210344970   36.71794    118.39486    -0.07      0.16     0.18     1 
1210344971   36.71753    118.42946    -0.14     -0.04     0.14     1 
1210344978   36.71438    118.67157    -0.24      0.01     0.24     1 
1210344986   36.71017    118.94822     0.10     -0.10     0.14     1 
1210344987   36.70960    118.98279    -0.07      0.16     0.18     1 
1210344988   36.70902    119.01737     0.02      0.19     0.19     1 
1210344989   36.70842    119.05194     0.32      0.01     0.32     1 
1210344990   36.70782    119.08652    -0.31     -0.04     0.32     1 
1210344993   36.70596    119.19023     0.03      0.06     0.07     1 
1210345002   36.69983    119.50132    -0.03     -0.28     0.28     1 
1210345057   36.68694    118.80930    -0.33      0.34     0.47     1 
1210345064   36.68302    119.05127    -0.06      0.06     0.08     1 
1210345066   36.68181    119.12039    -0.35      0.09     0.36     1 
1210345133   36.66100    118.84327    -0.05      0.08     0.09     1 
1210345135   36.65991    118.91238    -0.19     -0.07     0.20     1 
1210345136   36.65935    118.94693     0.01      0.11     0.11     1 
1210345137   36.65878    118.98149     0.26      0.23     0.35     1 
1210345138   36.65820    119.01604    -0.01      0.12     0.12     1 
1210345139   36.65761    119.05060    -0.18      0.29     0.34     1 
1210345141   36.65640    119.11970    -0.06     -0.06     0.08     1 
1210345148   36.65185    119.36152     0.34      0.30     0.45     1 
1210345212   36.63338    118.98084    -0.07      0.06     0.09     1 
1210345213   36.63280    119.01538    -0.13      0.25     0.28     1 
1210345217   36.63038    119.15354     0.09      0.16     0.19     1 
1210345223   36.62645    119.36074     0.19      0.02     0.19     1 
1210345292   36.60497    119.15283    -0.10      0.25     0.27     1 
1210345301   36.59895    119.46352    -0.07      0.14     0.15     1 
1210345372   36.57633    119.32469    -0.14      0.34     0.37     1 
1210345376   36.57355    119.46271    -0.04      0.15     0.15     1 
1210345379   36.57137    119.56622    -0.17      0.05     0.18     1 
----------------------------------------------------------------------
---------------------------------------------------
Total correlated GCPs in Upper Left Quadrant: 192

GCP statistics this quadrant only (in Pixels)
Line residual statistics:
  Mean: -0.033
  Median: -0.025
  Standard Deviation: 0.141

Sample residual statistics:
  Mean: -0.023
  Median: -0.021
  Standard Deviation: 0.140

Quadrant RMSE: 0.203

---------------------------------------------------
Total correlated GCPs in Upper Right Quadrant: 3

GCP statistics this quadrant only (in Pixels)
Line residual statistics:
  Mean: -0.040
  Median: -0.002
  Standard Deviation: 0.200

Sample residual statistics:
  Mean: -0.096
  Median: -0.061
  Standard Deviation: 0.092

Quadrant RMSE: 0.244

---------------------------------------------------
Total correlated GCPs in Lower Left Quadrant: 376

GCP statistics this quadrant only (in Pixels)
Line residual statistics:
  Mean: -0.025
  Median: -0.025
  Standard Deviation: 0.139

Sample residual statistics:
  Mean: 0.000
  Median: -0.001
  Standard Deviation: 0.114

Quadrant RMSE: 0.182

---------------------------------------------------
Total correlated GCPs in Lower Right Quadrant: 213

GCP statistics this quadrant only (in Pixels)
Line residual statistics:
  Mean: -0.000
  Median: -0.021
  Standard Deviation: 0.145

Sample residual statistics:
  Mean: 0.033
  Median: 0.039
  Standard Deviation: 0.132

Quadrant RMSE: 0.199

---------------------------------------------------
---------------------------------------------------
Total correlated GCPs in scene: 784

GCP statistics entire scene (in Pixels)
Line residual statistics:
  Mean: -0.020
  Median: -0.024
  Standard Deviation: 0.142

Sample residual statistics:
  Mean: 0.003
  Median: -0.000
  Standard Deviation: 0.128

Scene RMSE: 0.192

