Tue. Sep.  2, 2014             LANDSAT 5                 Time: 06:38
                         Image Assessment System
                           GCP Residual Report
----------------------------------------------------------------------------
WOID: L13360435            Path/Row: 121 / 034

L0R Reference Image: L51CLT1095357010100_HDF.142451129
Acquisition Date: Dec 23, 1995

Band Number:  5

GeoCover date for each WRS-2 path/row used:
Path  Row   Date
121   034   2000-05-02


Point_ID      Latitude  Longitude    Height       Across    Along    Residual  Residual
                                                   Scan      Scan      In y      in x
                                                 Residual  Residual    dir       dir
                (deg)     (deg)     (meters)     (meters)  (meters)  (meters)  (meters)

1210340007   37.364701  119.845335     1.258      -2.580     1.220    -2.744     0.787
1210340009   37.158753  119.775106     1.138      -1.774     6.042    -2.729     5.678
1210340010   37.673628  118.771091     0.753       0.456     4.669    -0.302     4.682
1210340013   37.376478  119.872541     2.929      -4.828    -0.143    -4.743    -0.922
1210340016   37.001970  119.532764     1.932       2.391    -1.030     2.527    -0.629
1210340018   36.846560  118.034143    25.297      -4.842     2.318    -5.154     1.503
1210340026   36.780154  118.297827    69.135       4.907    -0.609     4.940     0.194
1210340028   37.711753  118.162450     3.060       1.791     6.012     0.798     6.221
1210340030   37.177283  118.002813     2.098      -0.298    -3.200     0.223    -3.206
1210340031   37.055439  119.573333    -0.473       5.732    -2.193     6.014    -1.236
1210340039   37.343979  119.852679     0.011       2.420    -5.154     3.222    -4.697
1210340043   37.110143  119.132956    -0.922       0.269    -3.767     0.875    -3.674
1210340044   37.458678  118.133420     6.518       1.084     2.279     0.702     2.424
1210340045   37.858109  118.333550     0.059      -3.057     3.915    -3.647     3.373
1210340048   36.879436  119.268216     4.256       0.159     0.825     0.023     0.840
1210340053   36.788510  118.142299    69.576       0.617    -4.931     1.409    -4.765
1210340058   37.052259  119.149213     1.671       1.249    -1.934     1.545    -1.707
1210340059   37.061512  119.629201     1.000       0.310     2.143    -0.040     2.166
1210340060   37.731639  118.442600     3.145      -1.394    -2.823    -0.921    -3.011
1210340061   37.818294  118.291252     4.522      -4.003     1.685    -4.222     1.020
1210340063   37.096433  118.784566     3.649       2.798    -1.989     3.083    -1.510
1210340065   36.987081  119.571364     4.000      -0.230     0.736    -0.346     0.690
1210340066   37.695983  118.224475     2.810       2.970    -0.175     2.959     0.305
1210340067   37.328854  118.435201     2.331      -1.592     1.752    -1.855     1.472
1210340070   37.426100  118.118689     6.527      -1.119    -0.551    -1.015    -0.724
1210340082   37.204436  118.247250     4.097       1.898    -2.984     2.356    -2.638
1210340088   37.510634  118.184442     3.821      -1.580    -1.055    -1.389    -1.296
1210340089   37.619324  118.130076     2.543      -5.401    -1.793    -5.041    -2.638
1210340090   37.247998  118.643711     0.762       1.546     3.947     0.887     4.145
1210340094   37.067670  118.912449     5.567       0.322     6.778    -0.779     6.742
1210340098   37.850400  118.809749     0.606       1.527    -3.051     1.998    -2.766
1210340100   37.636413  118.004531     2.562       4.459     0.180     4.370     0.895
1210340101   37.022749  119.281575     2.566      -0.775     2.031    -1.094     1.879
1210340102   37.205004  117.986276     4.462       2.513     2.576     2.062     2.948
1210340103   37.698846  118.285774     3.528       1.980    -2.357     2.334    -2.007
1210340105   36.842242  118.785705    18.736      -5.581    -6.144    -4.511    -6.968
1210340108   37.723441  118.099658     1.027      -1.414    -2.849    -0.937    -3.039
1210340110   37.699624  118.750272     3.320      -0.954     1.377    -1.164     1.206
1210340114   37.026677  119.553142     1.000      -1.903    -0.634    -1.776    -0.934
1210340119   37.869729  118.182323     0.000      -1.659     4.814    -2.412     4.484
1210340127   37.279061  118.482304     1.440       2.157    -3.753     2.735    -3.355
1210340128   37.379211  118.185421    10.043       2.190     1.730     1.881     2.060
1210340132   37.718676  118.252079     0.584       4.823    -4.088     5.418    -3.258
1210340136   37.276154  118.601690    -0.028       0.358    -2.904     0.822    -2.808
1210340138   37.074867  119.587486     0.826      -4.356    -4.702    -3.540    -5.347
1210340140   37.264972  117.961006     6.799      -3.640     6.725    -4.679     6.048
1210340141   37.244885  118.490767     1.724      -2.452    -0.292    -2.372    -0.684
1210340142   37.918208  118.277980     2.489       3.718    -3.342     4.207    -2.701
1210340143   37.268909  118.236133     4.442       1.000     4.041     0.333     4.149
1210340147   36.924838  118.271983    28.000       1.582    -3.294     2.095    -2.994
1210340151   37.636887  118.430226     8.199      -2.854     4.166    -3.488     3.652
1210340153   37.273939  118.664238     2.335      -0.379     0.497    -0.455     0.429
1210340158   37.381981  118.307451     4.391       0.924     0.903     0.766     1.040
1210340159   37.469587  118.034863     2.586      -2.881     0.549    -2.932     0.078
1210340161   37.368627  118.581634     1.662       0.846     1.943     0.521     2.054
1210340162   37.476914  118.000357     3.903       0.337     1.818     0.039     1.849
1210340166   37.240475  118.187303     4.108      -0.469     4.247    -1.150     4.115
1210340168   37.296547  118.306309     4.512      -2.636     4.516    -3.331     4.031
1210340171   37.356349  118.687395     0.251       1.203     1.846     0.889     2.016
1210340175   37.809203  118.467282     3.219       0.343     0.246     0.299     0.298
1210340181   37.718552  118.494763     2.128       3.964     3.872     3.288     4.459
1210340184   37.107955  118.215955     2.908       2.911     2.476     2.471     2.913
1210340186   37.307006  118.264515     4.923       0.137     1.085    -0.040     1.092
1210340187   37.729034  118.389444     4.426       0.985     1.545     0.723     1.683
1210340193   37.562631  118.031733     2.314      -4.453     1.404    -4.621     0.669
1210340194   37.262701  118.535436     1.724       2.124     1.698     1.821     2.019
1210340195   37.808704  118.252916     3.222       0.068     0.132     0.045     0.141
1210340196   37.758042  118.157044     2.258      -5.570    -3.773    -4.889    -4.619
1210340198   37.430498  118.021101     5.373       0.458    -2.947     0.928    -2.835
1210340200   37.075762  118.810403     3.612       1.984    -0.453     2.031    -0.127
1210340203   37.684725  118.431825     3.922      -1.901    -4.136    -1.209    -4.388
1210340206   37.247413  117.924928     5.000       2.299    -5.199     3.109    -4.759
1210340211   36.875351  119.587130     6.122      -2.459     0.705    -2.542     0.296
1210340213   37.184939  117.959991     4.832       0.351    -3.309     0.881    -3.208
1210340215   38.105062  118.683263     1.834      -2.154    -1.644    -1.862    -1.968
1210340217   37.808260  118.660485     1.963       2.408     1.724     2.099     2.089
1210340218   37.230464  118.132700     3.972      -4.449     2.100    -4.730     1.354
1210340219   37.717757  118.128847     1.883      -1.989    -3.707    -1.365    -3.979
1210340220   37.234494  118.389108     3.801      -3.225    -0.195    -3.151    -0.714
1210340221   37.328123  118.597714     0.506      -1.707     3.904    -2.315     3.577
1210340222   37.209733  118.729424     0.901       1.195     2.157     0.830     2.322
1210340224   37.778450  118.546384     4.199       2.126    -0.050     2.106     0.293
1210340226   37.548659  118.437028     4.472       3.776    -3.843     4.346    -3.185
1210340227   37.174457  117.882134     6.258       2.753    -1.573     2.970    -1.108
1210340236   37.845959  118.096020     0.302       1.104    -1.427     1.319    -1.231
1210340238   37.594696  118.213978     4.907      -0.937    -2.325    -0.550    -2.445
1210340244   37.109816  119.075219    -0.015       0.756     0.486     0.667     0.602
1210340247   37.044429  119.468069     4.215      -2.935     3.499    -3.463     2.978
1210340250   37.077380  119.194803     0.688       3.198    -3.919     3.791    -3.350
1210340252   37.312904  119.818335    12.857      -4.730     2.908    -5.139     2.106
1210340253   37.176370  118.680342     1.429       3.783     2.268     3.367     2.850
1210340256   37.859356  119.039119     0.170       4.804    -4.118     5.404    -3.292
1210340259   37.443714  118.587622    -0.848       2.593     2.134     2.215     2.524
1210340260   37.459533  118.009284     3.000      -1.231     5.903    -2.167     5.627
1210340266   37.386331  118.329553     3.238      -3.297    -6.311    -2.234    -6.760
1210340268   37.665024  118.336550     4.169       5.625    -3.445     6.106    -2.495
1210340269   37.047146  119.606444     2.312       3.916    -1.327     4.081    -0.676
1210340270   37.199080  118.015271     4.849      -2.668     3.692    -3.230     3.212
1210340280   37.230296  118.446180     2.852       1.744    -5.208     2.563    -4.858
1210340281   37.238262  118.108804     3.179      -2.184     1.065    -2.327     0.698
1210340283   37.437937  118.153115     4.399      -2.166    -4.155    -1.466    -4.449
1210340285   37.527378  118.289615     4.395      -4.043     1.200    -4.183     0.533
1210340289   37.187587  118.488626     3.335       1.056     0.369     0.983     0.535
