Thu. Jan.  5, 2017             LANDSAT 5                 Time: 13:49
                         Image Assessment System
                           GCP Residual Report
----------------------------------------------------------------------------
WOID: L23561597            Path/Row: 121 / 034

L0R Reference Image: L51CLT1095357010100_HDF.170051754
Acquisition Date: Dec 23, 1995

Band Number:  5

GLS date for each WRS-2 path/row used:
Path  Row   Date
121   034   05-02-2000


Point_ID         Latitude  Longitude    Height       Across    Along    Residual  Residual
                                                      Scan      Scan      In y      in x
                                                    Residual  Residual    dir       dir
                   (deg)     (deg)     (meters)     (meters)  (meters)  (meters)  (meters)

1210340007_01   37.364701  119.845335     1.258      -2.623     1.219    -2.786     0.779
1210340009_01   37.158753  119.775106     1.138      -1.803     6.053    -2.759     5.684
1210340010_01   37.673628  118.771091     0.753       0.436     4.072    -0.225     4.089
1210340013_01   37.376478  119.872541     2.929      -4.864    -0.117    -4.783    -0.902
1210340016_01   37.001970  119.532764     1.932       2.530    -1.046     2.667    -0.623
1210340018_01   36.846560  118.034143    25.297      -4.938     2.431    -5.267     1.599
1210340026_01   36.780154  118.297827    69.135       4.928    -0.659     4.969     0.148
1210340028_01   37.711753  118.162450     3.060       1.707     6.106     0.700     6.301
1210340030_01   37.177283  118.002813     2.098      -0.201    -3.249     0.327    -3.238
1210340031_01   37.055439  119.573333    -0.473       5.670    -2.119     5.940    -1.173
1210340039_01   37.343979  119.852679     0.011       2.336    -5.130     3.135    -4.687
1210340043_01   37.110143  119.132956    -0.922       0.256    -3.775     0.864    -3.684
1210340044_01   37.458678  118.133420     6.518       1.090     2.258     0.711     2.404
1210340045_01   37.858109  118.333550     0.059      -3.037     3.890    -3.624     3.352
1210340048_01   36.879436  119.268216     4.256       0.091     0.801    -0.040     0.806
1210340053_01   36.788510  118.142299    69.576       0.507    -5.051     1.319    -4.901
1210340058_01   37.052259  119.149213     1.671       1.286    -1.909     1.578    -1.676
1210340059_01   37.061512  119.629201     1.000       0.350     2.142    -0.001     2.171
1210340060_01   37.731639  118.442600     3.145      -1.463    -2.899    -0.977    -3.096
1210340061_01   37.818294  118.291252     4.522      -3.964     1.659    -4.179     1.000
1210340063_01   37.096433  118.784566     3.649       2.785    -2.007     3.073    -1.531
1210340065_01   36.987081  119.571364     4.000      -0.069     0.639    -0.171     0.619
1210340066_01   37.695983  118.224475     2.810       3.051    -0.182     3.040     0.311
1210340067_01   37.328854  118.435201     2.331      -1.550     1.748    -1.812     1.475
1210340070_01   37.426100  118.118689     6.527      -1.111    -0.644    -0.992    -0.815
1210340082_01   37.204436  118.247250     4.097       1.885    -2.988     2.343    -2.644
1210340088_01   37.510634  118.184442     3.821      -1.470    -1.091    -1.274    -1.313
1210340089_01   37.619324  118.130076     2.543      -5.409    -1.737    -5.057    -2.585
1210340090_01   37.247998  118.643711     0.762       1.504     3.846     0.862     4.039
1210340094_01   37.067670  118.912449     5.567       0.511     6.746    -0.588     6.741
1210340098_01   37.850400  118.809749     0.606       1.526    -3.002     1.989    -2.717
1210340100_01   37.636413  118.004531     2.562       4.619     0.199     4.525     0.940
1210340101_01   37.022749  119.281575     2.566      -0.752     2.072    -1.078     1.924
1210340102_01   37.205004  117.986276     4.462       2.622     2.778     2.137     3.165
1210340103_01   37.698846  118.285774     3.528       1.993    -2.392     2.352    -2.040
1210340105_01   36.842242  118.785705    18.736      -6.507    -6.236    -5.411    -7.209
1210340108_01   37.723441  118.099658     1.027      -1.484    -2.752    -1.021    -2.954
1210340110_01   37.699624  118.750272     3.320      -0.837     1.349    -1.043     1.196
1210340114_01   37.026677  119.553142     1.000      -1.828    -0.626    -1.703    -0.914
1210340119_01   37.869729  118.182323     0.000      -1.816     4.850    -2.573     4.495
1210340127_01   37.279061  118.482304     1.440       2.264    -3.644     2.823    -3.231
1210340128_01   37.379211  118.185421    10.043       2.233     1.779     1.915     2.116
1210340132_01   37.718676  118.252079     0.584       4.742    -4.077     5.336    -3.261
1210340136_01   37.276154  118.601690    -0.028       0.380    -2.804     0.828    -2.706
1210340138_01   37.074867  119.587486     0.826      -4.291    -4.596    -3.492    -5.233
1210340140_01   37.264972  117.961006     6.799      -3.668     6.514    -4.673     5.836
1210340141_01   37.244885  118.490767     1.724      -2.403    -0.271    -2.328    -0.656
1210340142_01   37.918208  118.277980     2.489       3.569    -3.335     4.058    -2.718
1210340143_01   37.268909  118.236133     4.442       1.018     4.015     0.356     4.127
1210340147_01   36.924838  118.271983    28.000       1.619    -3.185     2.113    -2.881
1210340151_01   37.636887  118.430226     8.199      -2.807     4.240    -3.454     3.733
1210340153_01   37.273939  118.664238     2.335      -0.358     0.436    -0.424     0.372
1210340158_01   37.381981  118.307451     4.391       0.898     0.936     0.734     1.069
1210340159_01   37.469587  118.034863     2.586      -2.769     0.497    -2.812     0.044
1210340161_01   37.368627  118.581634     1.662       0.898     1.989     0.565     2.107
1210340162_01   37.476914  118.000357     3.903       0.231     1.817    -0.066     1.830
1210340166_01   37.240475  118.187303     4.108      -0.479     4.223    -1.156     4.090
1210340168_01   37.296547  118.306309     4.512      -2.605     4.519    -3.301     4.039
1210340171_01   37.356349  118.687395     0.251       1.246     1.830     0.935     2.007
1210340175_01   37.809203  118.467282     3.219      -0.014     0.208    -0.047     0.203
1210340181_01   37.718552  118.494763     2.128       3.958     3.925     3.273     4.511
1210340184_01   37.107955  118.215955     2.908       2.946     2.450     2.510     2.894
1210340186_01   37.307006  118.264515     4.923       0.099     1.054    -0.073     1.056
1210340187_01   37.729034  118.389444     4.426       0.910     1.430     0.667     1.558
1210340193_01   37.562631  118.031733     2.314      -4.369     1.454    -4.546     0.731
1210340194_01   37.262701  118.535436     1.724       2.157     1.847     1.830     2.171
1210340195_01   37.808704  118.252916     3.222       0.178     0.108     0.158     0.136
1210340196_01   37.758042  118.157044     2.258      -5.567    -3.873    -4.869    -4.717
1210340198_01   37.430498  118.021101     5.373       0.415    -2.992     0.893    -2.886
1210340200_01   37.075762  118.810403     3.612       1.987    -0.563     2.052    -0.234
1210340203_01   37.684725  118.431825     3.922      -1.869    -4.075    -1.188    -4.322
1210340206_01   37.247413  117.924928     5.000       2.309    -5.169     3.114    -4.728
1210340211_01   36.875351  119.587130     6.122      -2.417     0.723    -2.503     0.322
1210340213_01   37.184939  117.959991     4.832       0.349    -3.266     0.873    -3.166
1210340215_01   38.105062  118.683263     1.834      -2.231    -1.613    -1.943    -1.950
1210340217_01   37.808260  118.660485     1.963       2.561     1.910     2.220     2.297
1210340218_01   37.230464  118.132700     3.972      -4.483     2.183    -4.777     1.430
1210340219_01   37.717757  118.128847     1.883      -1.977    -3.717    -1.352    -3.986
1210340220_01   37.234494  118.389108     3.801      -3.138    -0.174    -3.069    -0.679
1210340221_01   37.328123  118.597714     0.506      -1.702     3.907    -2.311     3.581
1210340222_01   37.209733  118.729424     0.901       1.250     2.295     0.863     2.467
1210340224_01   37.778450  118.546384     4.199       2.193     0.024     2.160     0.376
1210340226_01   37.548659  118.437028     4.472       3.822    -3.764     4.378    -3.099
1210340227_01   37.174457  117.882134     6.258       2.768    -1.656     2.999    -1.187
1210340236_01   37.845959  118.096020     0.302       1.089    -1.437     1.306    -1.244
1210340238_01   37.594696  118.213978     4.907      -0.898    -2.276    -0.519    -2.391
1210340244_01   37.109816  119.075219    -0.015       0.806     0.478     0.718     0.602
1210340247_01   37.044429  119.468069     4.215      -2.807     3.481    -3.334     2.981
1210340250_01   37.077380  119.194803     0.688       3.198    -3.921     3.791    -3.352
1210340252_01   37.312904  119.818335    12.857      -4.842     2.853    -5.241     2.034
1210340253_01   37.176370  118.680342     1.429       3.814     2.280     3.395     2.867
1210340256_01   37.859356  119.039119     0.170       4.729    -4.082     5.325    -3.269
1210340259_01   37.443714  118.587622    -0.848       2.630     2.207     2.239     2.603
1210340260_01   37.459533  118.009284     3.000      -1.176     5.861    -2.107     5.594
1210340266_01   37.386331  118.329553     3.238      -3.259    -6.246    -2.207    -6.689
1210340268_01   37.665024  118.336550     4.169       5.517    -3.577     6.020    -2.643
1210340269_01   37.047146  119.606444     2.312       3.922    -1.360     4.092    -0.707
1210340270_01   37.199080  118.015271     4.849      -2.689     3.577    -3.232     3.096
1210340280_01   37.230296  118.446180     2.852       1.790    -5.058     2.585    -4.702
1210340281_01   37.238262  118.108804     3.179      -2.180     1.099    -2.329     0.732
1210340283_01   37.437937  118.153115     4.399      -2.239    -4.168    -1.537    -4.474
1210340285_01   37.527378  118.289615     4.395      -4.024     1.242    -4.172     0.577
1210340289_01   37.187587  118.488626     3.335       1.059     0.307     0.995     0.474
